SPEAKER	NUM.WORDS	WPS	AllPct	Apostro	Colon	Comma	Dash	Exclam	Numerals	OtherP	Parenth	Period	QMark	Quote	SemiC	Sixltr	achieve	adverb	affect	anger	anx	article	assent	auxverb	bio	body	cause	certain	cogmech	conj	death	discrep	excl	family	feel	filler	friend	funct	future	health	hear	home	humans	i	incl	ingest	inhib	insight	ipron	leisure	money	motion	negate	negemo	nonfl	number	past	percept	posemo	ppron	preps	present	pronoun	quant	relativ	relig	sad	see	sexual	shehe	social	space	swear	tentat	they	time	verb	we	work	you
JAKE	8	8.0	0.0	0.0	0.0	0.0	0.0	0.0	0.0	0.0	0.0	0.0	0.0	0.0	0.0	25.00	0.0	0.0	0.0	0.0	0.0	0.0	0.0	12.50	0.0	0.0	12.50	0.0	37.50	25.00	0.0	0.0	0.0	0.0	0.0	0.0	0.0	87.50	0.0	0.0	0.0	0.0	0.0	12.50	12.50	0.0	0.0	12.50	37.50	0.0	0.0	0.0	0.0	0.0	0.0	0.0	0.0	0.0	0.0	12.50	12.50	25.00	50.00	0.0	0.0	0.0	0.0	0.0	0.0	0.0	0.0	0.0	0.0	0.0	0.0	0.0	25.00	0.0	0.0	0.0
BUTCH	5	5.0	0.0	0.0	0.0	0.0	0.0	0.0	0.0	0.0	0.0	0.0	0.0	0.0	0.0	0.0	0.0	0.0	0.0	0.0	0.0	0.0	0.0	20.00	0.0	0.0	0.0	0.0	20.00	0.0	0.0	0.0	0.0	0.0	0.0	0.0	0.0	60.00	0.0	0.0	0.0	0.0	0.0	20.00	0.0	0.0	0.0	20.00	20.00	0.0	0.0	0.0	0.0	0.0	0.0	0.0	0.0	0.0	0.0	20.00	0.0	40.00	40.00	0.0	0.0	0.0	0.0	0.0	0.0	0.0	20.00	0.0	0.0	0.0	0.0	0.0	40.00	0.0	0.0	0.0
JAKE	2	2.0	0.0	0.0	0.0	0.0	0.0	0.0	0.0	0.0	0.0	0.0	0.0	0.0	0.0	0.0	0.0	0.0	0.0	0.0	0.0	50.00	0.0	0.0	0.0	0.0	0.0	0.0	0.0	0.0	0.0	0.0	0.0	0.0	0.0	0.0	0.0	50.00	0.0	0.0	0.0	0.0	0.0	0.0	0.0	0.0	0.0	0.0	0.0	0.0	0.0	0.0	0.0	0.0	0.0	0.0	0.0	0.0	0.0	0.0	0.0	0.0	0.0	0.0	0.0	0.0	0.0	0.0	0.0	0.0	0.0	0.0	0.0	0.0	0.0	0.0	0.0	0.0	0.0	0.0
BUTCH	18	18.0	0.0	0.0	0.0	0.0	0.0	0.0	0.0	0.0	0.0	0.0	0.0	0.0	0.0	16.67	0.0	5.56	0.0	0.0	0.0	16.67	0.0	11.11	0.0	0.0	0.0	0.0	27.78	5.56	0.0	0.0	16.67	0.0	0.0	0.0	0.0	77.78	0.0	0.0	0.0	0.0	5.56	22.22	0.0	0.0	0.0	5.56	0.0	0.0	0.0	0.0	11.11	0.0	0.0	0.0	0.0	5.56	0.0	22.22	11.11	11.11	22.22	5.56	0.0	0.0	0.0	5.56	0.0	0.0	5.56	0.0	0.0	11.11	0.0	0.0	11.11	0.0	0.0	0.0
BUTCH	10	10.0	0.0	0.0	0.0	0.0	0.0	0.0	0.0	0.0	0.0	0.0	0.0	0.0	0.0	10.00	0.0	10.00	0.0	0.0	0.0	0.0	0.0	10.00	0.0	0.0	0.0	0.0	10.00	0.0	0.0	0.0	0.0	0.0	0.0	0.0	0.0	60.00	0.0	0.0	0.0	0.0	0.0	0.0	0.0	0.0	0.0	0.0	10.00	0.0	0.0	10.00	0.0	0.0	0.0	0.0	0.0	0.0	0.0	10.00	20.00	10.00	20.00	0.0	20.00	0.0	0.0	0.0	0.0	0.0	10.00	0.0	0.0	10.00	0.0	10.00	10.00	0.0	0.0	10.00
JAKE	6	6.0	0.0	0.0	0.0	0.0	0.0	0.0	0.0	0.0	0.0	0.0	0.0	0.0	0.0	0.0	0.0	0.0	0.0	0.0	0.0	0.0	0.0	0.0	0.0	0.0	16.67	0.0	16.67	0.0	0.0	0.0	0.0	0.0	0.0	0.0	0.0	50.00	0.0	0.0	16.67	0.0	0.0	0.0	0.0	0.0	0.0	0.0	33.33	0.0	0.0	0.0	0.0	0.0	0.0	0.0	0.0	16.67	0.0	16.67	0.0	16.67	50.00	0.0	0.0	0.0	0.0	0.0	0.0	0.0	33.33	0.0	0.0	0.0	0.0	0.0	16.67	0.0	0.0	16.67
BUTCH	6	6.0	0.0	0.0	0.0	0.0	0.0	0.0	0.0	0.0	0.0	0.0	0.0	0.0	0.0	16.67	0.0	0.0	0.0	0.0	0.0	0.0	0.0	0.0	33.33	16.67	0.0	0.0	0.0	0.0	0.0	0.0	0.0	0.0	0.0	0.0	0.0	50.00	0.0	16.67	0.0	0.0	0.0	0.0	0.0	0.0	0.0	0.0	0.0	0.0	0.0	0.0	0.0	0.0	0.0	0.0	0.0	16.67	0.0	33.33	16.67	0.0	33.33	0.0	16.67	0.0	0.0	16.67	0.0	0.0	33.33	0.0	0.0	0.0	0.0	16.67	0.0	0.0	0.0	33.33
JAKE	5	5.0	0.0	0.0	0.0	0.0	0.0	0.0	0.0	0.0	0.0	0.0	0.0	0.0	0.0	0.0	0.0	20.00	0.0	0.0	0.0	20.00	0.0	0.0	0.0	0.0	0.0	0.0	20.00	0.0	0.0	0.0	20.00	0.0	0.0	0.0	0.0	60.00	0.0	0.0	0.0	0.0	0.0	0.0	0.0	0.0	0.0	0.0	0.0	0.0	0.0	0.0	0.0	0.0	0.0	20.00	0.0	0.0	0.0	0.0	0.0	0.0	0.0	0.0	40.00	0.0	0.0	0.0	0.0	0.0	0.0	0.0	0.0	0.0	0.0	40.00	0.0	0.0	0.0	0.0
BUTCH	7	7.0	0.0	0.0	0.0	0.0	0.0	0.0	0.0	0.0	0.0	0.0	0.0	0.0	0.0	0.0	0.0	0.0	14.29	0.0	0.0	14.29	0.0	14.29	0.0	0.0	0.0	0.0	14.29	0.0	0.0	0.0	14.29	0.0	0.0	0.0	0.0	71.43	0.0	0.0	0.0	0.0	0.0	0.0	0.0	0.0	0.0	0.0	28.57	0.0	0.0	0.0	14.29	14.29	0.0	0.0	0.0	0.0	0.0	0.0	14.29	28.57	28.57	0.0	28.57	0.0	0.0	0.0	0.0	0.0	0.0	14.29	0.0	0.0	0.0	14.29	28.57	0.0	0.0	0.0
JAKE	11	11.0	0.0	0.0	0.0	0.0	0.0	0.0	0.0	0.0	0.0	0.0	0.0	0.0	0.0	9.09	9.09	0.0	18.18	0.0	0.0	0.0	0.0	18.18	9.09	9.09	0.0	0.0	9.09	0.0	0.0	0.0	0.0	0.0	0.0	0.0	0.0	63.64	0.0	0.0	0.0	0.0	0.0	45.45	0.0	0.0	0.0	9.09	9.09	0.0	0.0	0.0	9.09	18.18	0.0	0.0	18.18	0.0	0.0	45.45	0.0	27.27	54.55	0.0	0.0	0.0	9.09	0.0	0.0	0.0	0.0	0.0	0.0	0.0	0.0	0.0	45.45	0.0	0.0	0.0
LIONEL	7	7.0	0.0	0.0	0.0	0.0	0.0	0.0	0.0	0.0	0.0	0.0	0.0	0.0	0.0	28.57	0.0	0.0	14.29	14.29	0.0	0.0	0.0	14.29	14.29	0.0	0.0	0.0	0.0	0.0	0.0	0.0	0.0	0.0	0.0	0.0	0.0	57.14	0.0	0.0	0.0	0.0	0.0	0.0	0.0	0.0	0.0	0.0	42.86	0.0	0.0	0.0	0.0	14.29	0.0	0.0	14.29	0.0	0.0	14.29	0.0	14.29	57.14	0.0	0.0	0.0	0.0	0.0	14.29	14.29	14.29	0.0	14.29	0.0	0.0	0.0	28.57	0.0	0.0	0.0
JAKE	19	19.0	0.0	0.0	0.0	0.0	0.0	0.0	0.0	0.0	0.0	0.0	0.0	0.0	0.0	5.26	0.0	5.26	0.0	0.0	0.0	0.0	0.0	21.05	0.0	0.0	0.0	0.0	0.0	0.0	0.0	0.0	0.0	0.0	0.0	0.0	0.0	73.68	0.0	0.0	5.26	0.0	0.0	5.26	0.0	0.0	0.0	0.0	10.53	0.0	0.0	0.0	0.0	0.0	0.0	0.0	26.32	10.53	0.0	26.32	15.79	0.0	36.84	0.0	5.26	0.0	0.0	5.26	0.0	10.53	26.32	5.26	5.26	0.0	0.0	0.0	31.58	0.0	0.0	10.53
LIONEL	9	9.0	11.11	0.0	0.0	0.0	11.11	0.0	0.0	0.0	0.0	0.0	0.0	0.0	0.0	11.11	0.0	11.11	0.0	0.0	0.0	0.0	0.0	55.56	0.0	0.0	0.0	0.0	11.11	0.0	0.0	0.0	0.0	0.0	0.0	0.0	0.0	100.00	0.0	0.0	0.0	0.0	0.0	22.22	0.0	0.0	0.0	11.11	0.0	0.0	0.0	0.0	22.22	0.0	0.0	0.0	0.0	0.0	0.0	33.33	0.0	55.56	33.33	0.0	0.0	0.0	0.0	0.0	0.0	0.0	11.11	0.0	0.0	0.0	0.0	0.0	66.67	0.0	0.0	11.11
JAKE	10	10.0	0.0	0.0	0.0	0.0	0.0	0.0	0.0	0.0	0.0	0.0	0.0	0.0	0.0	20.00	0.0	0.0	10.00	10.00	0.0	0.0	0.0	0.0	10.00	10.00	0.0	0.0	10.00	0.0	0.0	0.0	0.0	0.0	0.0	0.0	0.0	50.00	0.0	0.0	10.00	0.0	0.0	10.00	0.0	0.0	0.0	0.0	20.00	0.0	0.0	10.00	0.0	10.00	0.0	0.0	10.00	10.00	0.0	10.00	20.00	20.00	30.00	0.0	20.00	0.0	0.0	0.0	0.0	0.0	10.00	0.0	10.00	10.00	0.0	10.00	30.00	0.0	0.0	0.0
LIONEL	2	2.0	0.0	0.0	0.0	0.0	0.0	0.0	0.0	0.0	0.0	0.0	0.0	0.0	0.0	0.0	0.0	0.0	0.0	0.0	0.0	0.0	50.00	0.0	0.0	0.0	0.0	0.0	0.0	0.0	0.0	0.0	0.0	0.0	0.0	0.0	0.0	0.0	0.0	0.0	0.0	0.0	0.0	0.0	0.0	0.0	0.0	0.0	0.0	0.0	0.0	0.0	0.0	0.0	0.0	0.0	0.0	0.0	0.0	0.0	0.0	0.0	0.0	0.0	0.0	50.00	0.0	0.0	0.0	0.0	0.0	0.0	0.0	0.0	0.0	0.0	0.0	0.0	0.0	0.0
JAKE	24	24.0	0.0	0.0	0.0	0.0	0.0	0.0	0.0	0.0	0.0	0.0	0.0	0.0	0.0	4.17	0.0	4.17	4.17	0.0	0.0	0.0	0.0	16.67	4.17	4.17	0.0	0.0	20.83	8.33	0.0	0.0	4.17	0.0	0.0	0.0	0.0	75.00	0.0	0.0	4.17	0.0	0.0	8.33	12.50	0.0	4.17	0.0	4.17	0.0	0.0	0.0	4.17	0.0	0.0	0.0	0.0	4.17	4.17	25.00	12.50	29.17	29.17	4.17	8.33	0.0	0.0	0.0	0.0	0.0	20.83	0.0	0.0	0.0	0.0	8.33	29.17	8.33	0.0	8.33
LIONEL	6	6.0	16.67	0.0	0.0	0.0	16.67	0.0	0.0	0.0	0.0	0.0	0.0	0.0	0.0	0.0	0.0	0.0	0.0	0.0	0.0	0.0	0.0	33.33	0.0	0.0	0.0	0.0	16.67	0.0	0.0	0.0	0.0	0.0	0.0	0.0	0.0	83.33	0.0	0.0	0.0	0.0	0.0	0.0	16.67	0.0	0.0	0.0	33.33	0.0	0.0	0.0	0.0	0.0	0.0	0.0	0.0	0.0	0.0	16.67	0.0	33.33	50.00	0.0	0.0	0.0	0.0	0.0	0.0	0.0	16.67	0.0	0.0	0.0	0.0	0.0	33.33	16.67	0.0	0.0
JAKE	2	2.0	0.0	0.0	0.0	0.0	0.0	0.0	0.0	0.0	0.0	0.0	0.0	0.0	0.0	0.0	0.0	0.0	0.0	0.0	0.0	0.0	0.0	0.0	0.0	0.0	0.0	0.0	0.0	0.0	0.0	0.0	0.0	0.0	0.0	0.0	0.0	50.00	0.0	0.0	0.0	0.0	0.0	50.00	0.0	0.0	0.0	0.0	0.0	0.0	0.0	0.0	0.0	0.0	0.0	0.0	0.0	0.0	0.0	50.00	0.0	0.0	50.00	0.0	0.0	0.0	0.0	0.0	0.0	0.0	50.00	0.0	0.0	0.0	0.0	0.0	0.0	0.0	0.0	0.0
JAKE	5	5.0	0.0	0.0	0.0	0.0	0.0	0.0	0.0	0.0	0.0	0.0	0.0	0.0	0.0	0.0	0.0	0.0	0.0	0.0	0.0	0.0	0.0	0.0	20.00	20.00	0.0	0.0	20.00	0.0	0.0	0.0	0.0	0.0	20.00	0.0	0.0	40.00	0.0	0.0	0.0	0.0	0.0	0.0	20.00	0.0	0.0	0.0	0.0	0.0	0.0	20.00	0.0	0.0	0.0	0.0	0.0	20.00	0.0	20.00	20.00	20.00	20.00	0.0	40.00	0.0	0.0	0.0	0.0	20.00	20.00	20.00	0.0	0.0	0.0	0.0	20.00	0.0	0.0	0.0
JAKE	26	26.0	0.0	0.0	0.0	0.0	0.0	0.0	0.0	0.0	0.0	0.0	0.0	0.0	0.0	11.54	0.0	7.69	0.0	0.0	0.0	3.85	3.85	15.38	3.85	3.85	3.85	0.0	15.38	7.69	3.85	0.0	3.85	0.0	3.85	0.0	0.0	61.54	0.0	0.0	0.0	0.0	0.0	7.69	3.85	0.0	0.0	0.0	3.85	0.0	0.0	3.85	3.85	0.0	0.0	0.0	7.69	7.69	0.0	26.92	0.0	7.69	30.77	0.0	7.69	0.0	0.0	3.85	0.0	11.54	23.08	3.85	0.0	3.85	0.0	0.0	15.38	0.0	0.0	7.69
MILES	1	1.0	0.0	0.0	0.0	0.0	0.0	0.0	0.0	0.0	0.0	0.0	0.0	0.0	0.0	0.0	0.0	0.0	0.0	0.0	0.0	0.0	0.0	0.0	0.0	0.0	0.0	0.0	0.0	0.0	0.0	0.0	0.0	0.0	0.0	0.0	0.0	0.0	0.0	0.0	0.0	0.0	0.0	0.0	0.0	0.0	0.0	0.0	0.0	0.0	0.0	0.0	0.0	0.0	0.0	0.0	0.0	0.0	0.0	0.0	0.0	0.0	0.0	0.0	0.0	0.0	0.0	0.0	0.0	0.0	0.0	0.0	0.0	0.0	0.0	0.0	0.0	0.0	0.0	0.0
JAKE	10	10.0	0.0	0.0	0.0	0.0	0.0	0.0	0.0	0.0	0.0	0.0	0.0	0.0	0.0	0.0	0.0	0.0	0.0	0.0	0.0	0.0	0.0	0.0	0.0	0.0	0.0	0.0	40.00	30.00	0.0	30.00	30.00	0.0	0.0	0.0	0.0	70.00	0.0	0.0	0.0	0.0	0.0	0.0	0.0	0.0	0.0	0.0	0.0	0.0	0.0	0.0	10.00	0.0	0.0	0.0	0.0	0.0	0.0	10.00	20.00	0.0	10.00	0.0	30.00	0.0	0.0	0.0	0.0	0.0	30.00	20.00	0.0	20.00	0.0	10.00	0.0	0.0	0.0	10.00
MILES	2	2.0	0.0	0.0	0.0	0.0	0.0	0.0	0.0	0.0	0.0	0.0	0.0	0.0	0.0	0.0	0.0	0.0	50.00	0.0	0.0	0.0	0.0	0.0	0.0	0.0	0.0	0.0	0.0	0.0	0.0	0.0	0.0	0.0	0.0	0.0	0.0	50.00	0.0	0.0	0.0	0.0	0.0	0.0	0.0	0.0	0.0	0.0	0.0	0.0	0.0	0.0	0.0	50.00	0.0	0.0	0.0	0.0	0.0	50.00	0.0	0.0	50.00	0.0	0.0	0.0	0.0	0.0	0.0	0.0	50.00	0.0	0.0	0.0	0.0	0.0	0.0	0.0	0.0	50.00
JAKE	3	3.0	0.0	0.0	0.0	0.0	0.0	0.0	0.0	0.0	0.0	0.0	0.0	0.0	0.0	0.0	0.0	0.0	0.0	0.0	0.0	0.0	0.0	0.0	0.0	0.0	0.0	0.0	0.0	33.33	0.0	0.0	0.0	0.0	0.0	0.0	0.0	66.67	0.0	0.0	0.0	0.0	0.0	0.0	0.0	0.0	0.0	0.0	0.0	0.0	0.0	0.0	0.0	0.0	0.0	0.0	0.0	0.0	0.0	0.0	33.33	0.0	0.0	0.0	100.00	0.0	0.0	0.0	0.0	0.0	0.0	66.67	0.0	0.0	0.0	33.33	0.0	0.0	0.0	0.0
MILES	2	2.0	0.0	0.0	0.0	0.0	0.0	0.0	0.0	0.0	0.0	0.0	0.0	0.0	0.0	0.0	0.0	0.0	0.0	0.0	0.0	0.0	0.0	0.0	0.0	0.0	0.0	0.0	0.0	0.0	0.0	0.0	0.0	0.0	0.0	0.0	0.0	50.00	0.0	0.0	0.0	0.0	0.0	50.00	0.0	0.0	0.0	0.0	0.0	0.0	0.0	0.0	0.0	0.0	0.0	0.0	0.0	0.0	0.0	50.00	0.0	0.0	50.00	0.0	50.00	0.0	0.0	0.0	0.0	0.0	0.0	50.00	0.0	0.0	0.0	0.0	0.0	0.0	0.0	0.0
MILES	2	2.0	0.0	0.0	0.0	0.0	0.0	0.0	0.0	0.0	0.0	0.0	0.0	0.0	0.0	0.0	0.0	0.0	50.00	0.0	0.0	0.0	50.00	0.0	0.0	0.0	0.0	0.0	0.0	0.0	0.0	0.0	0.0	0.0	0.0	0.0	0.0	0.0	0.0	0.0	0.0	0.0	0.0	0.0	0.0	0.0	0.0	0.0	0.0	0.0	0.0	0.0	0.0	0.0	0.0	0.0	0.0	0.0	50.00	0.0	0.0	0.0	0.0	0.0	0.0	0.0	0.0	0.0	0.0	0.0	0.0	0.0	0.0	0.0	0.0	0.0	0.0	0.0	0.0	0.0
MILES	35	35.0	0.0	0.0	0.0	0.0	0.0	0.0	0.0	0.0	0.0	0.0	0.0	2.86	0.0	20.00	0.0	17.14	5.71	2.86	0.0	8.57	0.0	11.43	2.86	2.86	0.0	0.0	20.00	2.86	0.0	0.0	2.86	0.0	0.0	0.0	0.0	60.00	2.86	0.0	0.0	0.0	0.0	5.71	2.86	0.0	0.0	2.86	8.57	0.0	0.0	0.0	5.71	2.86	0.0	0.0	8.57	2.86	2.86	8.57	8.57	14.29	17.14	0.0	20.00	0.0	0.0	2.86	0.0	0.0	5.71	5.71	2.86	11.43	0.0	14.29	25.71	0.0	2.86	2.86
PATRON	17	17.0	5.88	0.0	0.0	0.0	5.88	0.0	0.0	0.0	0.0	0.0	0.0	0.0	0.0	5.88	5.88	5.88	5.88	0.0	0.0	0.0	0.0	17.65	0.0	0.0	0.0	0.0	11.76	11.76	0.0	5.88	5.88	0.0	0.0	0.0	0.0	70.59	5.88	0.0	5.88	0.0	0.0	23.53	5.88	0.0	0.0	0.0	0.0	0.0	0.0	5.88	17.65	0.0	0.0	0.0	11.76	11.76	5.88	29.41	0.0	11.76	29.41	0.0	11.76	0.0	0.0	5.88	0.0	0.0	11.76	0.0	0.0	5.88	0.0	5.88	35.29	0.0	0.0	5.88
JAKE	2	2.0	0.0	0.0	0.0	0.0	0.0	0.0	0.0	0.0	0.0	0.0	0.0	0.0	0.0	50.00	0.0	0.0	50.00	0.0	0.0	0.0	0.0	0.0	0.0	0.0	0.0	0.0	0.0	0.0	0.0	0.0	0.0	0.0	0.0	0.0	0.0	0.0	0.0	0.0	0.0	0.0	0.0	0.0	0.0	0.0	0.0	0.0	0.0	50.00	0.0	0.0	0.0	0.0	0.0	0.0	0.0	0.0	50.00	0.0	0.0	0.0	0.0	0.0	0.0	0.0	0.0	0.0	0.0	0.0	0.0	0.0	0.0	0.0	0.0	0.0	0.0	0.0	0.0	0.0
LIONEL	4	4.0	0.0	0.0	0.0	0.0	0.0	0.0	0.0	0.0	0.0	0.0	0.0	0.0	0.0	0.0	0.0	25.00	0.0	0.0	0.0	0.0	0.0	75.00	0.0	0.0	0.0	0.0	0.0	0.0	0.0	0.0	0.0	0.0	0.0	0.0	0.0	125.00	0.0	0.0	0.0	0.0	0.0	25.00	0.0	0.0	0.0	0.0	0.0	0.0	0.0	0.0	25.00	0.0	0.0	0.0	0.0	0.0	0.0	25.00	0.0	50.00	25.00	0.0	0.0	0.0	0.0	0.0	0.0	0.0	0.0	0.0	0.0	0.0	0.0	0.0	75.00	0.0	0.0	0.0
JAKE	2	2.0	0.0	0.0	0.0	0.0	0.0	0.0	0.0	0.0	0.0	0.0	0.0	0.0	0.0	0.0	0.0	0.0	0.0	0.0	0.0	0.0	0.0	0.0	0.0	0.0	0.0	0.0	0.0	50.00	0.0	0.0	0.0	0.0	0.0	0.0	0.0	50.00	0.0	0.0	0.0	0.0	0.0	0.0	0.0	0.0	0.0	0.0	0.0	0.0	0.0	50.00	0.0	0.0	0.0	0.0	0.0	0.0	0.0	0.0	0.0	50.00	0.0	0.0	100.00	0.0	0.0	0.0	0.0	0.0	0.0	0.0	0.0	0.0	0.0	50.00	50.00	0.0	0.0	0.0
LIONEL	4	4.0	0.0	0.0	0.0	0.0	0.0	0.0	0.0	0.0	0.0	0.0	0.0	0.0	0.0	0.0	0.0	25.00	0.0	0.0	0.0	25.00	0.0	0.0	0.0	0.0	0.0	0.0	0.0	0.0	0.0	0.0	0.0	0.0	0.0	0.0	0.0	75.00	0.0	0.0	0.0	0.0	0.0	0.0	0.0	0.0	0.0	0.0	25.00	0.0	25.00	0.0	0.0	0.0	0.0	0.0	0.0	0.0	0.0	0.0	25.00	0.0	25.00	0.0	0.0	0.0	0.0	0.0	0.0	0.0	0.0	0.0	0.0	0.0	0.0	0.0	0.0	0.0	0.0	0.0
JAKE	14	14.0	0.0	0.0	0.0	0.0	0.0	0.0	0.0	0.0	0.0	0.0	0.0	0.0	0.0	14.29	0.0	14.29	0.0	0.0	0.0	0.0	0.0	7.14	0.0	0.0	7.14	0.0	28.57	0.0	0.0	0.0	0.0	0.0	0.0	0.0	0.0	57.14	0.0	0.0	0.0	0.0	0.0	7.14	0.0	0.0	0.0	21.43	21.43	0.0	0.0	0.0	0.0	0.0	0.0	0.0	0.0	0.0	0.0	14.29	7.14	21.43	35.71	0.0	14.29	0.0	0.0	0.0	0.0	0.0	14.29	7.14	0.0	7.14	0.0	7.14	21.43	0.0	0.0	7.14
OFFICER	2	2.0	0.0	0.0	0.0	0.0	0.0	0.0	0.0	0.0	0.0	0.0	0.0	0.0	0.0	50.00	0.0	0.0	0.0	0.0	0.0	0.0	0.0	0.0	0.0	0.0	0.0	50.00	50.00	0.0	0.0	0.0	0.0	0.0	50.00	0.0	0.0	50.00	0.0	0.0	0.0	0.0	0.0	0.0	0.0	0.0	0.0	0.0	50.00	0.0	0.0	0.0	0.0	0.0	0.0	0.0	0.0	50.00	0.0	0.0	0.0	0.0	50.00	0.0	0.0	0.0	0.0	0.0	0.0	0.0	50.00	0.0	0.0	0.0	0.0	0.0	0.0	0.0	0.0	0.0
SOBOZINSKI	7	7.0	0.0	0.0	0.0	0.0	0.0	0.0	0.0	0.0	0.0	0.0	0.0	0.0	0.0	42.86	0.0	0.0	0.0	0.0	0.0	0.0	0.0	0.0	14.29	14.29	0.0	0.0	0.0	0.0	0.0	0.0	0.0	0.0	14.29	0.0	0.0	28.57	0.0	0.0	14.29	0.0	0.0	14.29	0.0	0.0	0.0	0.0	0.0	0.0	0.0	0.0	0.0	0.0	0.0	0.0	14.29	28.57	0.0	28.57	0.0	0.0	28.57	0.0	0.0	0.0	0.0	0.0	14.29	0.0	28.57	0.0	28.57	0.0	0.0	0.0	14.29	0.0	0.0	14.29
ROTTOVICH	2	2.0	0.0	0.0	0.0	0.0	0.0	0.0	0.0	0.0	0.0	0.0	0.0	0.0	0.0	0.0	0.0	0.0	0.0	0.0	0.0	0.0	0.0	0.0	0.0	0.0	0.0	50.00	100.00	0.0	0.0	0.0	0.0	0.0	0.0	0.0	0.0	100.00	0.0	0.0	0.0	0.0	0.0	0.0	50.00	0.0	0.0	0.0	0.0	0.0	0.0	0.0	0.0	0.0	0.0	0.0	0.0	0.0	0.0	100.00	0.0	50.00	100.00	0.0	0.0	0.0	0.0	0.0	0.0	0.0	100.00	0.0	0.0	0.0	0.0	0.0	50.00	100.00	0.0	0.0
SOBOZINSKI	10	10.0	0.0	0.0	0.0	0.0	0.0	0.0	0.0	0.0	0.0	0.0	0.0	0.0	0.0	10.00	0.0	0.0	10.00	10.00	0.0	0.0	0.0	10.00	20.00	10.00	0.0	10.00	20.00	10.00	0.0	0.0	10.00	0.0	0.0	0.0	0.0	80.00	10.00	0.0	0.0	0.0	0.0	20.00	0.0	0.0	0.0	0.0	0.0	0.0	0.0	0.0	0.0	10.00	0.0	10.00	0.0	0.0	0.0	30.00	20.00	0.0	30.00	10.00	10.00	0.0	0.0	0.0	10.00	0.0	10.00	10.00	10.00	10.00	0.0	0.0	10.00	0.0	0.0	10.00
JAKE	5	5.0	0.0	0.0	0.0	0.0	0.0	0.0	0.0	0.0	0.0	0.0	0.0	0.0	0.0	0.0	0.0	20.00	0.0	0.0	0.0	0.0	0.0	0.0	0.0	0.0	0.0	0.0	40.00	0.0	0.0	0.0	0.0	0.0	0.0	0.0	0.0	60.00	0.0	0.0	0.0	0.0	0.0	0.0	20.00	0.0	20.00	0.0	40.00	0.0	0.0	0.0	0.0	0.0	0.0	0.0	0.0	0.0	0.0	0.0	20.00	0.0	40.00	0.0	40.00	0.0	0.0	0.0	0.0	0.0	0.0	20.00	0.0	0.0	0.0	20.00	0.0	0.0	0.0	0.0
MILES	4	4.0	0.0	0.0	0.0	0.0	0.0	0.0	0.0	0.0	0.0	0.0	0.0	0.0	0.0	0.0	0.0	0.0	25.00	0.0	0.0	0.0	0.0	0.0	0.0	0.0	0.0	50.00	75.00	0.0	0.0	0.0	0.0	0.0	0.0	0.0	0.0	75.00	0.0	0.0	0.0	0.0	0.0	0.0	25.00	0.0	0.0	0.0	0.0	0.0	0.0	0.0	0.0	0.0	0.0	0.0	0.0	0.0	25.00	75.00	0.0	25.00	75.00	0.0	0.0	0.0	0.0	0.0	0.0	0.0	75.00	0.0	0.0	0.0	0.0	0.0	25.00	50.00	0.0	25.00
ROTTOVICH	11	11.0	0.0	0.0	0.0	0.0	0.0	0.0	0.0	0.0	0.0	0.0	0.0	0.0	0.0	9.09	9.09	0.0	18.18	9.09	0.0	0.0	0.0	9.09	9.09	9.09	0.0	0.0	9.09	0.0	0.0	0.0	9.09	0.0	0.0	0.0	0.0	45.45	0.0	0.0	0.0	0.0	9.09	0.0	0.0	0.0	0.0	0.0	0.0	0.0	0.0	0.0	9.09	9.09	0.0	0.0	18.18	9.09	9.09	18.18	9.09	0.0	18.18	0.0	0.0	0.0	0.0	9.09	0.0	18.18	27.27	0.0	9.09	0.0	0.0	0.0	18.18	0.0	0.0	0.0
DEAD GUY	5	5.0	0.0	0.0	0.0	0.0	0.0	0.0	0.0	0.0	0.0	0.0	0.0	0.0	0.0	20.00	0.0	20.00	20.00	20.00	0.0	0.0	0.0	0.0	20.00	0.0	0.0	0.0	0.0	20.00	0.0	0.0	0.0	0.0	0.0	0.0	0.0	40.00	0.0	0.0	0.0	0.0	0.0	0.0	0.0	0.0	0.0	0.0	20.00	0.0	0.0	20.00	0.0	20.00	0.0	0.0	20.00	0.0	0.0	0.0	0.0	0.0	20.00	0.0	40.00	0.0	0.0	0.0	20.00	0.0	0.0	0.0	20.00	0.0	0.0	20.00	20.00	0.0	0.0	0.0
DEAD GUY/GORDO	10	10.0	0.0	0.0	0.0	0.0	0.0	0.0	0.0	0.0	0.0	0.0	0.0	0.0	0.0	0.0	0.0	0.0	20.00	20.00	0.0	10.00	0.0	20.00	10.00	10.00	0.0	0.0	0.0	0.0	0.0	0.0	0.0	0.0	0.0	0.0	0.0	70.00	0.0	0.0	0.0	0.0	0.0	20.00	0.0	0.0	0.0	0.0	10.00	0.0	0.0	0.0	0.0	20.00	0.0	10.00	10.00	0.0	0.0	20.00	10.00	10.00	30.00	0.0	20.00	0.0	0.0	0.0	0.0	0.0	0.0	10.00	10.00	0.0	0.0	10.00	20.00	0.0	0.0	0.0
MILES	12	12.0	0.0	0.0	0.0	0.0	0.0	0.0	0.0	0.0	0.0	0.0	0.0	0.0	0.0	8.33	0.0	0.0	0.0	0.0	0.0	8.33	0.0	16.67	0.0	0.0	0.0	0.0	8.33	0.0	0.0	0.0	0.0	0.0	0.0	0.0	0.0	58.33	0.0	0.0	0.0	0.0	8.33	0.0	8.33	0.0	0.0	0.0	0.0	0.0	0.0	8.33	0.0	0.0	0.0	0.0	16.67	0.0	0.0	16.67	16.67	8.33	16.67	0.0	25.00	0.0	0.0	0.0	0.0	0.0	25.00	0.0	0.0	0.0	0.0	8.33	25.00	8.33	0.0	8.33
JAKE	6	6.0	0.0	0.0	0.0	0.0	0.0	0.0	0.0	0.0	0.0	0.0	0.0	0.0	0.0	0.0	0.0	0.0	16.67	16.67	0.0	0.0	0.0	0.0	0.0	0.0	0.0	0.0	33.33	16.67	0.0	0.0	0.0	0.0	0.0	0.0	0.0	50.00	0.0	0.0	0.0	0.0	0.0	16.67	16.67	0.0	0.0	16.67	0.0	0.0	0.0	0.0	0.0	16.67	0.0	0.0	0.0	0.0	0.0	33.33	0.0	33.33	33.33	0.0	0.0	0.0	0.0	0.0	0.0	0.0	16.67	0.0	0.0	0.0	0.0	0.0	33.33	0.0	0.0	16.67
SOBOZINSKI	4	4.0	0.0	0.0	0.0	0.0	0.0	0.0	0.0	0.0	0.0	0.0	0.0	0.0	0.0	25.00	0.0	0.0	25.00	25.00	0.0	0.0	0.0	25.00	0.0	0.0	0.0	0.0	25.00	0.0	0.0	0.0	0.0	0.0	0.0	0.0	0.0	50.00	0.0	0.0	0.0	0.0	0.0	0.0	25.00	0.0	0.0	0.0	0.0	0.0	0.0	0.0	0.0	25.00	0.0	0.0	25.00	0.0	0.0	25.00	0.0	0.0	25.00	0.0	0.0	0.0	0.0	0.0	0.0	0.0	50.00	0.0	0.0	0.0	0.0	0.0	25.00	25.00	0.0	0.0
MILES	11	11.0	0.0	0.0	0.0	0.0	0.0	0.0	0.0	0.0	0.0	0.0	0.0	0.0	0.0	45.45	0.0	0.0	9.09	0.0	0.0	9.09	0.0	0.0	9.09	0.0	0.0	0.0	27.27	9.09	0.0	0.0	0.0	0.0	0.0	0.0	0.0	27.27	0.0	9.09	0.0	0.0	0.0	0.0	9.09	0.0	18.18	0.0	0.0	0.0	0.0	0.0	0.0	0.0	0.0	0.0	0.0	0.0	9.09	0.0	9.09	0.0	0.0	0.0	27.27	0.0	0.0	0.0	0.0	0.0	0.0	27.27	0.0	0.0	0.0	0.0	0.0	0.0	0.0	0.0
GORDO	1	1.0	0.0	0.0	0.0	0.0	0.0	0.0	0.0	0.0	0.0	0.0	0.0	0.0	0.0	0.0	0.0	0.0	100.00	100.00	0.0	0.0	0.0	0.0	100.00	100.00	0.0	0.0	0.0	0.0	0.0	0.0	0.0	0.0	0.0	0.0	0.0	0.0	0.0	0.0	0.0	0.0	0.0	0.0	0.0	0.0	0.0	0.0	0.0	0.0	0.0	0.0	0.0	100.00	0.0	0.0	0.0	0.0	0.0	0.0	0.0	0.0	0.0	0.0	0.0	0.0	0.0	0.0	0.0	0.0	0.0	0.0	100.00	0.0	0.0	0.0	0.0	0.0	0.0	0.0
JAKE	6	6.0	0.0	0.0	0.0	0.0	0.0	0.0	0.0	0.0	0.0	0.0	0.0	0.0	0.0	0.0	0.0	0.0	0.0	0.0	0.0	0.0	0.0	0.0	0.0	0.0	16.67	0.0	16.67	0.0	0.0	0.0	0.0	0.0	0.0	0.0	0.0	50.00	0.0	0.0	0.0	0.0	0.0	16.67	0.0	0.0	0.0	0.0	0.0	0.0	0.0	0.0	0.0	0.0	0.0	0.0	16.67	0.0	0.0	33.33	0.0	16.67	33.33	16.67	0.0	0.0	0.0	0.0	0.0	0.0	33.33	0.0	0.0	0.0	0.0	0.0	33.33	0.0	0.0	16.67
GORDO	7	7.0	0.0	0.0	0.0	0.0	0.0	0.0	0.0	0.0	0.0	0.0	0.0	0.0	0.0	14.29	28.57	0.0	14.29	0.0	0.0	0.0	0.0	14.29	0.0	0.0	14.29	0.0	28.57	14.29	0.0	0.0	14.29	0.0	0.0	0.0	0.0	57.14	14.29	0.0	0.0	0.0	0.0	0.0	0.0	0.0	0.0	14.29	14.29	0.0	0.0	0.0	14.29	0.0	0.0	0.0	14.29	0.0	14.29	14.29	0.0	14.29	28.57	0.0	0.0	0.0	0.0	0.0	0.0	0.0	14.29	0.0	0.0	0.0	0.0	0.0	42.86	0.0	0.0	14.29
JAKE	6	6.0	0.0	0.0	0.0	0.0	0.0	0.0	0.0	0.0	0.0	0.0	0.0	0.0	0.0	0.0	0.0	0.0	16.67	16.67	0.0	0.0	0.0	0.0	0.0	0.0	0.0	0.0	16.67	16.67	0.0	0.0	0.0	0.0	0.0	0.0	0.0	66.67	0.0	0.0	0.0	0.0	0.0	0.0	16.67	0.0	0.0	0.0	16.67	0.0	0.0	16.67	0.0	16.67	0.0	0.0	0.0	0.0	0.0	16.67	16.67	16.67	33.33	0.0	50.00	0.0	0.0	0.0	0.0	0.0	16.67	16.67	0.0	0.0	0.0	16.67	16.67	0.0	0.0	16.67
BIG AL	11	11.0	0.0	0.0	0.0	0.0	0.0	0.0	0.0	0.0	0.0	0.0	0.0	0.0	0.0	0.0	0.0	9.09	9.09	0.0	0.0	9.09	0.0	18.18	0.0	0.0	0.0	0.0	9.09	9.09	0.0	0.0	0.0	0.0	0.0	0.0	0.0	54.55	9.09	0.0	0.0	0.0	0.0	9.09	9.09	0.0	0.0	0.0	0.0	9.09	0.0	0.0	0.0	0.0	0.0	0.0	0.0	0.0	9.09	9.09	18.18	18.18	9.09	0.0	18.18	0.0	0.0	0.0	0.0	0.0	9.09	9.09	0.0	0.0	0.0	9.09	27.27	0.0	0.0	0.0
JAKE	7	7.0	0.0	0.0	0.0	0.0	0.0	0.0	0.0	0.0	0.0	0.0	0.0	0.0	0.0	0.0	0.0	0.0	14.29	0.0	0.0	28.57	0.0	14.29	0.0	0.0	0.0	0.0	14.29	0.0	0.0	0.0	0.0	0.0	0.0	0.0	0.0	71.43	0.0	0.0	0.0	0.0	0.0	0.0	14.29	0.0	0.0	0.0	0.0	14.29	0.0	0.0	0.0	0.0	0.0	0.0	0.0	0.0	14.29	28.57	14.29	14.29	28.57	0.0	14.29	0.0	0.0	0.0	0.0	0.0	28.57	14.29	0.0	0.0	0.0	0.0	14.29	0.0	0.0	28.57
BIG AL	14	14.0	0.0	0.0	0.0	0.0	0.0	0.0	0.0	0.0	0.0	0.0	0.0	0.0	0.0	7.14	0.0	0.0	14.29	7.14	0.0	0.0	7.14	14.29	0.0	0.0	0.0	7.14	28.57	14.29	0.0	0.0	7.14	0.0	0.0	0.0	0.0	57.14	0.0	0.0	0.0	0.0	0.0	7.14	14.29	0.0	0.0	0.0	0.0	0.0	0.0	7.14	0.0	14.29	0.0	0.0	0.0	0.0	0.0	7.14	14.29	35.71	7.14	7.14	14.29	0.0	7.14	0.0	0.0	0.0	7.14	7.14	0.0	0.0	0.0	0.0	35.71	0.0	0.0	0.0
JAKE	36	36.0	0.0	0.0	0.0	0.0	0.0	0.0	0.0	0.0	0.0	0.0	0.0	0.0	0.0	13.89	5.56	2.78	5.56	2.78	0.0	5.56	0.0	13.89	2.78	0.0	2.78	0.0	13.89	0.0	0.0	5.56	2.78	0.0	2.78	0.0	0.0	63.89	2.78	0.0	0.0	0.0	0.0	0.0	2.78	0.0	0.0	0.0	11.11	0.0	0.0	2.78	2.78	2.78	0.0	0.0	2.78	2.78	2.78	16.67	16.67	16.67	27.78	0.0	8.33	0.0	0.0	0.0	2.78	0.0	19.44	5.56	2.78	2.78	0.0	0.0	22.22	2.78	8.33	13.89
BIG AL	8	8.0	0.0	0.0	0.0	0.0	0.0	0.0	0.0	0.0	0.0	0.0	0.0	0.0	0.0	25.00	0.0	0.0	0.0	0.0	0.0	0.0	0.0	25.00	25.00	0.0	0.0	0.0	25.00	0.0	0.0	12.50	0.0	0.0	0.0	0.0	0.0	37.50	12.50	0.0	0.0	0.0	0.0	25.00	0.0	25.00	0.0	0.0	12.50	0.0	0.0	12.50	0.0	0.0	0.0	0.0	0.0	0.0	0.0	25.00	0.0	50.00	37.50	0.0	12.50	0.0	0.0	0.0	0.0	0.0	12.50	0.0	0.0	12.50	0.0	0.0	62.50	0.0	0.0	0.0
JAKE	8	8.0	0.0	0.0	0.0	0.0	0.0	0.0	0.0	0.0	0.0	0.0	0.0	0.0	0.0	12.50	0.0	0.0	0.0	0.0	0.0	0.0	0.0	12.50	0.0	0.0	0.0	0.0	12.50	0.0	0.0	0.0	0.0	0.0	12.50	0.0	0.0	75.00	0.0	0.0	0.0	0.0	0.0	25.00	0.0	0.0	0.0	12.50	12.50	0.0	0.0	0.0	0.0	0.0	0.0	0.0	0.0	25.00	0.0	37.50	12.50	25.00	50.00	0.0	12.50	0.0	0.0	12.50	0.0	0.0	12.50	12.50	0.0	0.0	0.0	0.0	25.00	0.0	0.0	12.50
GORDO	12	12.0	0.0	0.0	0.0	0.0	0.0	0.0	0.0	0.0	0.0	0.0	0.0	0.0	0.0	0.0	0.0	8.33	8.33	0.0	0.0	8.33	0.0	8.33	0.0	0.0	0.0	0.0	33.33	0.0	0.0	0.0	0.0	0.0	0.0	0.0	0.0	83.33	0.0	0.0	0.0	0.0	0.0	0.0	16.67	0.0	0.0	0.0	25.00	0.0	8.33	8.33	0.0	0.0	0.0	0.0	8.33	0.0	8.33	8.33	25.00	8.33	33.33	8.33	25.00	0.0	0.0	0.0	0.0	8.33	8.33	8.33	0.0	16.67	0.0	8.33	16.67	0.0	0.0	0.0
JAKE	22	22.0	0.0	0.0	0.0	0.0	0.0	0.0	0.0	0.0	0.0	0.0	0.0	0.0	0.0	13.64	0.0	18.18	0.0	0.0	0.0	0.0	0.0	18.18	0.0	0.0	4.55	0.0	27.27	9.09	0.0	0.0	9.09	0.0	0.0	0.0	0.0	77.27	0.0	0.0	0.0	0.0	0.0	0.0	4.55	0.0	0.0	0.0	9.09	0.0	9.09	9.09	4.55	0.0	0.0	0.0	13.64	4.55	0.0	18.18	9.09	13.64	27.27	4.55	22.73	0.0	0.0	4.55	0.0	13.64	18.18	4.55	0.0	13.64	0.0	9.09	27.27	0.0	0.0	4.55
GORDO	13	13.0	0.0	0.0	0.0	0.0	0.0	0.0	0.0	0.0	0.0	0.0	0.0	0.0	0.0	7.69	0.0	0.0	7.69	0.0	0.0	15.38	0.0	15.38	0.0	0.0	0.0	0.0	15.38	0.0	0.0	0.0	0.0	0.0	0.0	0.0	0.0	53.85	7.69	0.0	0.0	0.0	0.0	15.38	0.0	0.0	0.0	0.0	7.69	0.0	7.69	0.0	0.0	7.69	0.0	0.0	7.69	0.0	0.0	15.38	7.69	7.69	23.08	0.0	15.38	0.0	0.0	0.0	0.0	0.0	7.69	7.69	0.0	15.38	0.0	0.0	23.08	0.0	0.0	0.0
MILES	2	2.0	0.0	0.0	0.0	0.0	0.0	0.0	0.0	0.0	0.0	0.0	0.0	0.0	0.0	0.0	0.0	0.0	0.0	0.0	0.0	0.0	0.0	50.00	0.0	0.0	0.0	0.0	0.0	0.0	0.0	0.0	0.0	0.0	0.0	0.0	0.0	100.00	0.0	0.0	0.0	50.00	0.0	0.0	0.0	0.0	0.0	0.0	100.00	0.0	0.0	0.0	0.0	0.0	0.0	0.0	0.0	0.0	0.0	0.0	0.0	50.00	100.00	0.0	0.0	0.0	0.0	0.0	0.0	0.0	0.0	0.0	0.0	0.0	0.0	0.0	50.00	0.0	0.0	0.0
JAKE	2	2.0	0.0	0.0	0.0	0.0	0.0	0.0	0.0	0.0	0.0	0.0	0.0	0.0	0.0	50.00	0.0	0.0	0.0	0.0	0.0	0.0	0.0	0.0	0.0	0.0	0.0	0.0	0.0	0.0	0.0	0.0	0.0	0.0	0.0	0.0	0.0	50.00	0.0	0.0	0.0	0.0	0.0	0.0	0.0	0.0	0.0	0.0	0.0	0.0	0.0	0.0	0.0	0.0	0.0	50.00	0.0	0.0	0.0	0.0	0.0	0.0	0.0	50.00	0.0	0.0	0.0	0.0	0.0	0.0	0.0	0.0	0.0	0.0	0.0	0.0	0.0	0.0	0.0	0.0
SOBOZINSKI	9	9.0	0.0	0.0	0.0	0.0	0.0	0.0	0.0	0.0	0.0	0.0	0.0	0.0	0.0	0.0	0.0	0.0	0.0	0.0	0.0	0.0	0.0	11.11	0.0	0.0	0.0	0.0	0.0	0.0	0.0	0.0	0.0	0.0	0.0	0.0	0.0	66.67	11.11	0.0	0.0	0.0	11.11	22.22	0.0	0.0	0.0	0.0	11.11	0.0	0.0	0.0	0.0	0.0	0.0	0.0	11.11	0.0	0.0	44.44	0.0	11.11	55.56	11.11	0.0	0.0	0.0	0.0	0.0	0.0	44.44	0.0	0.0	0.0	0.0	0.0	33.33	0.0	0.0	22.22
JAKE	4	4.0	0.0	0.0	0.0	0.0	0.0	0.0	0.0	0.0	0.0	0.0	0.0	0.0	0.0	50.00	50.00	25.00	50.00	0.0	0.0	0.0	0.0	25.00	0.0	0.0	0.0	50.00	75.00	0.0	0.0	0.0	25.00	0.0	0.0	0.0	0.0	75.00	0.0	0.0	0.0	0.0	0.0	0.0	0.0	0.0	0.0	0.0	50.00	0.0	0.0	0.0	0.0	0.0	0.0	0.0	0.0	0.0	50.00	0.0	0.0	25.00	50.00	0.0	0.0	0.0	0.0	0.0	0.0	0.0	0.0	0.0	0.0	0.0	0.0	0.0	25.00	0.0	0.0	0.0
ROTTOVICH	11	11.0	0.0	0.0	0.0	0.0	0.0	0.0	0.0	0.0	0.0	0.0	0.0	0.0	0.0	0.0	0.0	0.0	0.0	0.0	0.0	9.09	0.0	0.0	0.0	0.0	0.0	0.0	18.18	0.0	0.0	0.0	0.0	0.0	9.09	0.0	0.0	54.55	0.0	0.0	0.0	0.0	0.0	0.0	9.09	0.0	0.0	9.09	0.0	0.0	0.0	0.0	0.0	0.0	0.0	9.09	0.0	18.18	0.0	18.18	18.18	18.18	18.18	0.0	36.36	0.0	0.0	0.0	0.0	0.0	18.18	18.18	0.0	0.0	0.0	18.18	18.18	18.18	0.0	0.0
MILES	3	3.0	0.0	0.0	0.0	0.0	0.0	0.0	0.0	0.0	0.0	0.0	0.0	0.0	0.0	0.0	0.0	0.0	0.0	0.0	0.0	0.0	0.0	0.0	33.33	33.33	0.0	0.0	0.0	0.0	0.0	0.0	0.0	0.0	0.0	0.0	0.0	66.67	0.0	0.0	0.0	0.0	0.0	33.33	0.0	0.0	0.0	0.0	0.0	0.0	0.0	0.0	0.0	0.0	0.0	33.33	0.0	0.0	0.0	33.33	0.0	0.0	33.33	0.0	0.0	0.0	0.0	0.0	33.33	0.0	0.0	0.0	33.33	0.0	0.0	0.0	0.0	0.0	0.0	0.0
JAKE	7	7.0	0.0	0.0	0.0	0.0	0.0	0.0	0.0	0.0	0.0	0.0	0.0	0.0	0.0	28.57	0.0	14.29	0.0	0.0	0.0	0.0	0.0	14.29	0.0	0.0	0.0	0.0	14.29	0.0	0.0	0.0	0.0	0.0	0.0	0.0	0.0	71.43	0.0	0.0	0.0	0.0	0.0	0.0	0.0	0.0	0.0	0.0	14.29	0.0	0.0	0.0	0.0	0.0	0.0	14.29	0.0	0.0	0.0	14.29	14.29	14.29	28.57	0.0	0.0	0.0	0.0	0.0	0.0	0.0	28.57	0.0	0.0	0.0	0.0	0.0	14.29	0.0	0.0	14.29
ROTTOVICH	6	6.0	0.0	0.0	0.0	0.0	0.0	0.0	0.0	0.0	0.0	0.0	0.0	0.0	0.0	0.0	0.0	16.67	16.67	0.0	0.0	0.0	16.67	0.0	0.0	0.0	0.0	0.0	16.67	0.0	0.0	16.67	0.0	0.0	0.0	0.0	0.0	16.67	0.0	0.0	0.0	0.0	16.67	0.0	0.0	0.0	0.0	0.0	0.0	0.0	0.0	0.0	0.0	0.0	16.67	0.0	0.0	0.0	16.67	0.0	0.0	16.67	0.0	0.0	0.0	0.0	0.0	0.0	0.0	0.0	16.67	0.0	0.0	0.0	0.0	0.0	16.67	0.0	0.0	0.0
SOBOZINSKI	13	13.0	0.0	0.0	0.0	0.0	0.0	0.0	0.0	0.0	0.0	0.0	0.0	0.0	0.0	15.38	0.0	0.0	7.69	7.69	0.0	0.0	0.0	15.38	0.0	0.0	0.0	0.0	15.38	0.0	0.0	0.0	0.0	0.0	0.0	0.0	0.0	61.54	0.0	0.0	0.0	0.0	0.0	0.0	0.0	0.0	0.0	7.69	23.08	0.0	0.0	0.0	0.0	7.69	0.0	0.0	0.0	0.0	0.0	7.69	7.69	15.38	30.77	7.69	0.0	7.69	0.0	0.0	0.0	0.0	7.69	0.0	0.0	7.69	0.0	0.0	15.38	0.0	0.0	7.69
JAKE	15	15.0	0.0	0.0	0.0	0.0	0.0	0.0	0.0	0.0	0.0	0.0	0.0	0.0	0.0	6.67	0.0	6.67	6.67	0.0	0.0	13.33	0.0	0.0	0.0	0.0	0.0	0.0	13.33	0.0	0.0	6.67	0.0	0.0	0.0	0.0	0.0	60.00	0.0	0.0	0.0	0.0	0.0	0.0	6.67	0.0	0.0	0.0	13.33	0.0	0.0	6.67	0.0	0.0	0.0	0.0	6.67	0.0	6.67	13.33	13.33	6.67	26.67	0.0	13.33	0.0	0.0	0.0	0.0	0.0	13.33	6.67	0.0	0.0	0.0	0.0	13.33	6.67	0.0	6.67
ROTTOVICH	36	36.0	0.0	0.0	0.0	0.0	0.0	0.0	0.0	0.0	0.0	0.0	0.0	0.0	0.0	11.11	2.78	2.78	5.56	0.0	0.0	5.56	0.0	8.33	0.0	0.0	0.0	0.0	8.33	2.78	0.0	0.0	2.78	0.0	0.0	0.0	0.0	61.11	0.0	0.0	2.78	0.0	5.56	8.33	2.78	0.0	0.0	0.0	8.33	0.0	2.78	0.0	2.78	2.78	0.0	2.78	0.0	2.78	2.78	16.67	11.11	13.89	25.00	5.56	8.33	0.0	0.0	0.0	0.0	0.0	19.44	5.56	0.0	2.78	0.0	2.78	13.89	2.78	2.78	5.56
JAKE	18	18.0	0.0	0.0	0.0	0.0	0.0	0.0	0.0	0.0	0.0	0.0	0.0	0.0	0.0	0.0	5.56	0.0	11.11	5.56	5.56	5.56	0.0	5.56	5.56	5.56	0.0	5.56	22.22	5.56	0.0	0.0	0.0	0.0	0.0	0.0	0.0	66.67	0.0	0.0	0.0	0.0	5.56	0.0	16.67	0.0	0.0	0.0	0.0	0.0	0.0	11.11	0.0	11.11	0.0	0.0	5.56	0.0	0.0	33.33	16.67	5.56	33.33	5.56	16.67	0.0	0.0	0.0	0.0	0.0	38.89	5.56	5.56	0.0	0.0	0.0	11.11	11.11	0.0	22.22
ROTTOVICH	46	46.0	0.0	0.0	0.0	0.0	0.0	0.0	0.0	0.0	0.0	0.0	0.0	0.0	0.0	10.87	0.0	2.17	8.70	6.52	0.0	10.87	0.0	10.87	2.17	2.17	0.0	0.0	17.39	8.70	0.0	2.17	2.17	0.0	0.0	0.0	0.0	52.17	4.35	0.0	2.17	0.0	2.17	4.35	8.70	0.0	2.17	2.17	8.70	0.0	2.17	4.35	0.0	6.52	2.17	0.0	6.52	2.17	2.17	10.87	2.17	4.35	19.57	2.17	23.91	0.0	0.0	0.0	0.0	0.0	19.57	4.35	2.17	4.35	0.0	15.22	15.22	6.52	2.17	0.0
MILES	1	1.0	0.0	0.0	0.0	0.0	0.0	0.0	0.0	0.0	0.0	0.0	0.0	0.0	0.0	0.0	0.0	0.0	0.0	0.0	0.0	0.0	0.0	0.0	0.0	0.0	0.0	0.0	0.0	0.0	0.0	0.0	0.0	0.0	0.0	0.0	0.0	0.0	0.0	0.0	0.0	0.0	0.0	0.0	0.0	0.0	0.0	0.0	0.0	0.0	0.0	0.0	0.0	0.0	0.0	0.0	0.0	0.0	0.0	0.0	0.0	0.0	0.0	0.0	0.0	0.0	0.0	0.0	0.0	0.0	0.0	0.0	0.0	0.0	0.0	0.0	0.0	0.0	0.0	0.0
BUTCH	1	1.0	0.0	0.0	0.0	0.0	0.0	0.0	0.0	0.0	0.0	0.0	0.0	0.0	0.0	100.00	0.0	0.0	0.0	0.0	0.0	0.0	0.0	0.0	0.0	0.0	0.0	0.0	0.0	0.0	0.0	0.0	0.0	0.0	0.0	0.0	0.0	0.0	0.0	0.0	0.0	0.0	0.0	0.0	0.0	0.0	0.0	0.0	0.0	0.0	0.0	0.0	0.0	0.0	0.0	0.0	0.0	0.0	0.0	0.0	0.0	0.0	0.0	0.0	0.0	0.0	0.0	0.0	0.0	0.0	0.0	0.0	0.0	0.0	0.0	0.0	0.0	0.0	0.0	0.0
JAKE	9	9.0	0.0	0.0	0.0	0.0	0.0	0.0	0.0	0.0	0.0	0.0	0.0	0.0	0.0	22.22	0.0	11.11	0.0	0.0	0.0	0.0	0.0	33.33	0.0	0.0	0.0	11.11	22.22	11.11	0.0	0.0	0.0	0.0	0.0	0.0	0.0	77.78	0.0	0.0	0.0	0.0	11.11	0.0	11.11	0.0	0.0	0.0	0.0	0.0	0.0	0.0	11.11	0.0	0.0	0.0	0.0	0.0	0.0	11.11	11.11	22.22	11.11	11.11	0.0	0.0	0.0	0.0	0.0	0.0	22.22	0.0	0.0	0.0	0.0	0.0	33.33	11.11	0.0	0.0
BUTCH	7	7.0	0.0	0.0	0.0	0.0	0.0	0.0	0.0	0.0	0.0	0.0	0.0	0.0	0.0	0.0	0.0	14.29	0.0	0.0	0.0	14.29	0.0	28.57	0.0	0.0	0.0	14.29	14.29	0.0	0.0	0.0	0.0	0.0	0.0	0.0	0.0	100.00	0.0	0.0	0.0	0.0	0.0	0.0	0.0	0.0	0.0	0.0	42.86	0.0	14.29	0.0	14.29	0.0	0.0	0.0	0.0	0.0	0.0	0.0	14.29	28.57	42.86	14.29	0.0	0.0	0.0	0.0	0.0	0.0	0.0	0.0	0.0	0.0	0.0	0.0	28.57	0.0	0.0	0.0
JAKE	3	3.0	0.0	0.0	0.0	0.0	0.0	0.0	0.0	0.0	0.0	0.0	0.0	0.0	0.0	0.0	0.0	0.0	0.0	0.0	0.0	0.0	0.0	33.33	0.0	0.0	0.0	33.33	33.33	0.0	0.0	0.0	0.0	0.0	0.0	0.0	0.0	66.67	0.0	0.0	0.0	0.0	0.0	0.0	0.0	0.0	0.0	0.0	33.33	0.0	0.0	0.0	33.33	0.0	0.0	0.0	0.0	0.0	0.0	0.0	0.0	33.33	33.33	0.0	33.33	0.0	0.0	0.0	0.0	0.0	0.0	0.0	0.0	0.0	0.0	33.33	33.33	0.0	0.0	0.0
JAKE	15	15.0	0.0	0.0	0.0	0.0	0.0	0.0	0.0	0.0	0.0	0.0	0.0	0.0	0.0	6.67	0.0	0.0	6.67	0.0	0.0	0.0	0.0	13.33	6.67	0.0	6.67	0.0	13.33	6.67	0.0	0.0	0.0	0.0	0.0	0.0	0.0	73.33	0.0	0.0	6.67	0.0	0.0	0.0	6.67	0.0	0.0	0.0	33.33	0.0	6.67	6.67	0.0	0.0	0.0	0.0	0.0	6.67	6.67	20.00	6.67	26.67	53.33	0.0	6.67	0.0	0.0	0.0	6.67	0.0	33.33	0.0	0.0	0.0	6.67	0.0	26.67	6.67	0.0	6.67
CALL GIRL	6	6.0	0.0	0.0	0.0	0.0	0.0	0.0	0.0	0.0	0.0	0.0	0.0	0.0	0.0	0.0	0.0	0.0	16.67	0.0	0.0	0.0	0.0	16.67	0.0	0.0	0.0	0.0	0.0	0.0	0.0	0.0	0.0	0.0	0.0	0.0	0.0	66.67	0.0	0.0	0.0	0.0	0.0	16.67	0.0	0.0	0.0	0.0	0.0	0.0	0.0	0.0	0.0	0.0	0.0	0.0	0.0	0.0	16.67	33.33	16.67	16.67	33.33	0.0	0.0	0.0	0.0	0.0	0.0	0.0	16.67	0.0	0.0	0.0	0.0	0.0	16.67	0.0	0.0	16.67
JAKE	9	9.0	0.0	0.0	0.0	0.0	0.0	0.0	0.0	0.0	0.0	0.0	0.0	0.0	0.0	0.0	11.11	0.0	11.11	0.0	0.0	11.11	0.0	11.11	0.0	0.0	0.0	0.0	11.11	11.11	0.0	0.0	0.0	0.0	0.0	0.0	0.0	66.67	0.0	0.0	0.0	0.0	0.0	0.0	11.11	0.0	0.0	0.0	11.11	0.0	11.11	0.0	0.0	0.0	0.0	0.0	0.0	0.0	11.11	22.22	0.0	11.11	33.33	0.0	11.11	0.0	0.0	0.0	0.0	0.0	22.22	0.0	0.0	0.0	0.0	11.11	11.11	0.0	0.0	22.22
GORDO	11	11.0	0.0	0.0	0.0	0.0	0.0	0.0	0.0	0.0	0.0	0.0	0.0	9.09	0.0	0.0	0.0	9.09	0.0	0.0	0.0	9.09	0.0	18.18	0.0	0.0	0.0	0.0	27.27	9.09	0.0	9.09	18.18	0.0	0.0	0.0	0.0	72.73	0.0	0.0	9.09	0.0	0.0	9.09	0.0	0.0	0.0	9.09	27.27	0.0	0.0	0.0	9.09	0.0	0.0	0.0	0.0	9.09	0.0	9.09	0.0	27.27	36.36	0.0	0.0	0.0	0.0	0.0	0.0	0.0	9.09	0.0	0.0	9.09	0.0	0.0	27.27	0.0	0.0	0.0
JAKE	13	13.0	0.0	0.0	0.0	0.0	0.0	0.0	0.0	0.0	0.0	0.0	0.0	0.0	0.0	0.0	0.0	7.69	0.0	0.0	0.0	0.0	0.0	15.38	0.0	0.0	0.0	7.69	15.38	0.0	0.0	7.69	0.0	0.0	0.0	0.0	0.0	76.92	0.0	0.0	0.0	0.0	0.0	0.0	0.0	0.0	0.0	0.0	30.77	0.0	0.0	0.0	7.69	0.0	0.0	0.0	7.69	0.0	0.0	15.38	7.69	15.38	46.15	7.69	0.0	0.0	0.0	0.0	0.0	0.0	15.38	0.0	0.0	0.0	0.0	0.0	23.08	0.0	0.0	15.38
BIG AL	18	18.0	0.0	0.0	0.0	0.0	0.0	0.0	0.0	0.0	0.0	0.0	0.0	0.0	0.0	11.11	0.0	0.0	0.0	0.0	0.0	0.0	0.0	22.22	0.0	0.0	0.0	0.0	5.56	0.0	0.0	5.56	0.0	0.0	0.0	0.0	0.0	77.78	0.0	0.0	0.0	0.0	0.0	27.78	0.0	0.0	0.0	0.0	16.67	0.0	0.0	0.0	5.56	0.0	0.0	0.0	11.11	0.0	0.0	38.89	11.11	22.22	55.56	0.0	5.56	0.0	0.0	0.0	0.0	0.0	16.67	5.56	0.0	0.0	0.0	0.0	38.89	0.0	0.0	11.11
JAKE	11	11.0	0.0	0.0	0.0	0.0	0.0	0.0	0.0	0.0	0.0	0.0	0.0	0.0	0.0	0.0	9.09	0.0	0.0	0.0	0.0	9.09	0.0	18.18	0.0	0.0	9.09	0.0	18.18	0.0	0.0	0.0	0.0	0.0	0.0	0.0	0.0	72.73	0.0	0.0	0.0	0.0	0.0	0.0	0.0	0.0	0.0	9.09	9.09	0.0	0.0	0.0	0.0	0.0	0.0	0.0	0.0	0.0	0.0	27.27	18.18	36.36	36.36	0.0	27.27	0.0	0.0	0.0	0.0	0.0	27.27	27.27	0.0	0.0	0.0	0.0	36.36	0.0	0.0	27.27
LILY	1	1.0	0.0	0.0	0.0	0.0	0.0	0.0	0.0	0.0	0.0	0.0	0.0	0.0	0.0	0.0	0.0	0.0	0.0	0.0	0.0	0.0	0.0	0.0	0.0	0.0	0.0	0.0	0.0	0.0	0.0	0.0	0.0	0.0	0.0	0.0	0.0	0.0	0.0	0.0	0.0	0.0	0.0	0.0	0.0	0.0	0.0	0.0	0.0	0.0	0.0	0.0	0.0	0.0	0.0	0.0	0.0	0.0	0.0	0.0	0.0	0.0	0.0	0.0	0.0	0.0	0.0	0.0	0.0	0.0	0.0	0.0	0.0	0.0	0.0	0.0	0.0	0.0	0.0	0.0
JAKE	52	52.0	0.0	0.0	0.0	0.0	0.0	0.0	0.0	0.0	0.0	0.0	0.0	0.0	0.0	15.38	1.92	1.92	3.85	0.0	0.0	9.62	0.0	9.62	0.0	0.0	0.0	7.69	21.15	9.62	0.0	3.85	5.77	0.0	0.0	0.0	0.0	61.54	0.0	0.0	1.92	1.92	1.92	3.85	3.85	0.0	0.0	3.85	5.77	0.0	1.92	3.85	3.85	0.0	0.0	0.0	3.85	1.92	3.85	15.38	3.85	11.54	21.15	7.69	9.62	0.0	0.0	0.0	0.0	0.0	15.38	3.85	0.0	3.85	0.0	1.92	15.38	0.0	0.0	11.54
ANSWERING MACHINE	5	5.0	0.0	0.0	0.0	0.0	0.0	0.0	0.0	0.0	0.0	0.0	0.0	0.0	0.0	20.00	0.0	0.0	0.0	0.0	0.0	0.0	0.0	20.00	0.0	0.0	0.0	0.0	0.0	0.0	0.0	0.0	0.0	0.0	0.0	0.0	0.0	60.00	0.0	0.0	0.0	0.0	0.0	0.0	0.0	0.0	0.0	0.0	0.0	0.0	0.0	0.0	20.00	0.0	0.0	0.0	0.0	0.0	0.0	20.00	0.0	20.00	20.00	0.0	20.00	0.0	0.0	0.0	0.0	0.0	40.00	0.0	0.0	0.0	0.0	20.00	20.00	0.0	0.0	20.00
JAKE	30	30.0	0.0	0.0	0.0	0.0	0.0	0.0	0.0	0.0	0.0	0.0	0.0	0.0	0.0	13.33	6.67	10.00	10.00	0.0	0.0	0.0	0.0	13.33	0.0	0.0	3.33	3.33	30.00	16.67	0.0	3.33	6.67	0.0	0.0	0.0	0.0	73.33	3.33	0.0	0.0	0.0	0.0	0.0	6.67	0.0	0.0	6.67	16.67	0.0	3.33	3.33	6.67	6.67	0.0	0.0	6.67	0.0	3.33	16.67	10.00	13.33	33.33	3.33	10.00	0.0	6.67	0.0	0.0	0.0	16.67	0.0	0.0	6.67	0.0	6.67	23.33	0.0	0.0	16.67
LILY	1	1.0	0.0	0.0	0.0	0.0	0.0	0.0	0.0	0.0	0.0	0.0	0.0	0.0	0.0	0.0	0.0	0.0	0.0	0.0	0.0	0.0	0.0	0.0	0.0	0.0	0.0	0.0	0.0	0.0	0.0	0.0	0.0	0.0	0.0	0.0	0.0	0.0	0.0	0.0	0.0	0.0	0.0	0.0	0.0	0.0	0.0	0.0	0.0	0.0	0.0	0.0	0.0	0.0	0.0	0.0	0.0	0.0	0.0	0.0	0.0	0.0	0.0	0.0	0.0	0.0	0.0	0.0	0.0	0.0	0.0	0.0	0.0	0.0	0.0	0.0	0.0	0.0	0.0	0.0
JAKE	3	3.0	0.0	0.0	0.0	0.0	0.0	0.0	0.0	0.0	0.0	0.0	0.0	0.0	0.0	33.33	0.0	0.0	100.00	66.67	0.0	0.0	0.0	0.0	33.33	0.0	0.0	0.0	33.33	0.0	0.0	0.0	0.0	0.0	0.0	0.0	0.0	0.0	0.0	0.0	0.0	0.0	0.0	0.0	0.0	0.0	0.0	0.0	0.0	0.0	0.0	0.0	0.0	66.67	0.0	0.0	0.0	0.0	33.33	0.0	0.0	0.0	0.0	0.0	0.0	0.0	0.0	0.0	33.33	0.0	0.0	0.0	66.67	33.33	0.0	0.0	0.0	0.0	0.0	0.0
LUPUS	9	9.0	0.0	0.0	0.0	0.0	0.0	0.0	0.0	0.0	0.0	0.0	0.0	0.0	0.0	0.0	11.11	0.0	0.0	0.0	0.0	11.11	0.0	11.11	0.0	0.0	0.0	0.0	33.33	0.0	0.0	11.11	0.0	0.0	0.0	0.0	0.0	44.44	11.11	0.0	0.0	0.0	11.11	0.0	11.11	0.0	0.0	0.0	0.0	0.0	0.0	0.0	0.0	0.0	0.0	0.0	0.0	0.0	0.0	11.11	11.11	0.0	11.11	0.0	0.0	0.0	0.0	0.0	0.0	0.0	33.33	0.0	0.0	0.0	0.0	0.0	11.11	0.0	0.0	11.11
LIONEL	2	2.0	0.0	0.0	0.0	0.0	0.0	0.0	0.0	0.0	0.0	0.0	0.0	0.0	0.0	0.0	0.0	50.00	0.0	0.0	0.0	0.0	0.0	0.0	0.0	0.0	0.0	0.0	0.0	0.0	0.0	0.0	0.0	0.0	0.0	0.0	0.0	50.00	0.0	0.0	0.0	0.0	0.0	0.0	0.0	0.0	0.0	0.0	0.0	0.0	0.0	0.0	0.0	0.0	0.0	0.0	0.0	0.0	0.0	0.0	0.0	0.0	0.0	0.0	50.00	0.0	0.0	0.0	0.0	0.0	0.0	0.0	0.0	0.0	0.0	50.00	0.0	0.0	0.0	0.0
LUPUS	11	11.0	0.0	0.0	0.0	0.0	0.0	0.0	0.0	0.0	0.0	0.0	0.0	0.0	0.0	18.18	0.0	0.0	9.09	0.0	0.0	18.18	0.0	9.09	0.0	0.0	0.0	0.0	18.18	0.0	0.0	0.0	0.0	0.0	0.0	0.0	0.0	54.55	0.0	0.0	0.0	9.09	0.0	9.09	9.09	0.0	9.09	0.0	0.0	0.0	0.0	9.09	0.0	0.0	0.0	0.0	0.0	0.0	9.09	18.18	9.09	9.09	18.18	0.0	9.09	0.0	0.0	0.0	0.0	0.0	18.18	0.0	0.0	0.0	0.0	0.0	9.09	9.09	0.0	0.0
JAKE	1	1.0	0.0	0.0	0.0	0.0	0.0	0.0	0.0	0.0	0.0	0.0	0.0	0.0	0.0	0.0	0.0	0.0	0.0	0.0	0.0	0.0	100.00	0.0	0.0	0.0	0.0	0.0	0.0	0.0	0.0	0.0	0.0	0.0	0.0	0.0	0.0	0.0	0.0	0.0	0.0	0.0	0.0	0.0	0.0	0.0	0.0	0.0	0.0	0.0	0.0	0.0	0.0	0.0	0.0	0.0	0.0	0.0	0.0	0.0	0.0	0.0	0.0	0.0	0.0	0.0	0.0	0.0	0.0	0.0	0.0	0.0	0.0	0.0	0.0	0.0	0.0	0.0	0.0	0.0
MILES	7	7.0	0.0	0.0	0.0	0.0	0.0	0.0	0.0	0.0	0.0	0.0	0.0	0.0	0.0	0.0	14.29	14.29	14.29	0.0	0.0	0.0	0.0	0.0	0.0	0.0	0.0	0.0	0.0	0.0	0.0	0.0	0.0	0.0	0.0	0.0	0.0	57.14	0.0	0.0	0.0	0.0	0.0	0.0	0.0	0.0	0.0	0.0	0.0	0.0	0.0	0.0	0.0	0.0	0.0	0.0	0.0	0.0	14.29	14.29	28.57	14.29	14.29	0.0	28.57	0.0	0.0	0.0	0.0	0.0	14.29	14.29	0.0	0.0	0.0	14.29	14.29	0.0	0.0	14.29
MILES	32	32.0	0.0	0.0	0.0	0.0	0.0	0.0	0.0	0.0	0.0	0.0	0.0	0.0	0.0	6.25	0.0	3.12	6.25	0.0	0.0	3.12	0.0	3.12	6.25	0.0	0.0	0.0	12.50	3.12	0.0	0.0	3.12	0.0	0.0	0.0	0.0	56.25	0.0	0.0	0.0	0.0	0.0	3.12	3.12	6.25	0.0	3.12	12.50	0.0	0.0	0.0	0.0	0.0	0.0	0.0	9.38	3.12	6.25	21.88	9.38	3.12	34.38	0.0	9.38	0.0	0.0	0.0	0.0	9.38	21.88	3.12	0.0	3.12	6.25	3.12	12.50	0.0	0.0	3.12
JAKE	1	1.0	0.0	0.0	0.0	0.0	0.0	0.0	0.0	0.0	0.0	0.0	0.0	0.0	0.0	0.0	0.0	0.0	0.0	0.0	0.0	0.0	0.0	0.0	0.0	0.0	0.0	0.0	0.0	0.0	0.0	0.0	0.0	0.0	0.0	0.0	0.0	0.0	0.0	0.0	0.0	0.0	0.0	0.0	0.0	0.0	0.0	0.0	0.0	0.0	0.0	0.0	0.0	0.0	0.0	0.0	0.0	0.0	0.0	0.0	0.0	0.0	0.0	0.0	100.00	0.0	0.0	0.0	0.0	0.0	0.0	100.00	0.0	0.0	0.0	0.0	0.0	0.0	0.0	0.0
MILES	16	16.0	0.0	0.0	0.0	0.0	0.0	0.0	0.0	0.0	0.0	0.0	0.0	0.0	0.0	0.0	0.0	6.25	6.25	0.0	0.0	6.25	0.0	12.50	6.25	0.0	0.0	0.0	6.25	0.0	0.0	0.0	6.25	0.0	0.0	0.0	0.0	75.00	0.0	0.0	0.0	0.0	0.0	12.50	0.0	6.25	0.0	0.0	6.25	0.0	0.0	0.0	0.0	6.25	0.0	0.0	6.25	6.25	0.0	31.25	18.75	12.50	37.50	0.0	18.75	0.0	0.0	6.25	0.0	12.50	18.75	18.75	0.0	0.0	6.25	0.0	18.75	0.0	0.0	0.0
JAKE	33	33.0	0.0	0.0	0.0	0.0	0.0	0.0	0.0	0.0	0.0	0.0	0.0	0.0	0.0	9.09	3.03	0.0	6.06	0.0	0.0	6.06	0.0	6.06	3.03	0.0	6.06	3.03	18.18	0.0	0.0	0.0	0.0	3.03	0.0	0.0	0.0	45.45	0.0	3.03	0.0	0.0	0.0	0.0	3.03	0.0	0.0	0.0	9.09	3.03	3.03	3.03	3.03	3.03	0.0	0.0	9.09	0.0	3.03	6.06	15.15	3.03	15.15	3.03	21.21	0.0	3.03	0.0	0.0	6.06	12.12	12.12	0.0	3.03	0.0	6.06	12.12	0.0	0.0	0.0
GORDO	22	22.0	0.0	0.0	0.0	0.0	0.0	0.0	0.0	0.0	0.0	0.0	0.0	0.0	0.0	4.55	0.0	4.55	0.0	0.0	0.0	9.09	0.0	0.0	0.0	0.0	0.0	0.0	22.73	0.0	4.55	0.0	4.55	0.0	0.0	0.0	0.0	45.45	0.0	0.0	0.0	0.0	0.0	0.0	13.64	0.0	0.0	4.55	0.0	0.0	0.0	9.09	0.0	0.0	0.0	0.0	4.55	0.0	0.0	9.09	22.73	4.55	9.09	0.0	36.36	0.0	0.0	0.0	0.0	4.55	9.09	13.64	0.0	4.55	4.55	13.64	9.09	0.0	0.0	0.0
JAKE	6	6.0	0.0	0.0	0.0	0.0	0.0	0.0	0.0	0.0	0.0	0.0	0.0	0.0	0.0	16.67	0.0	33.33	50.00	16.67	0.0	0.0	0.0	16.67	16.67	0.0	0.0	0.0	16.67	0.0	0.0	0.0	16.67	0.0	0.0	0.0	0.0	66.67	0.0	0.0	0.0	0.0	0.0	0.0	0.0	0.0	0.0	0.0	16.67	0.0	0.0	0.0	0.0	16.67	16.67	0.0	0.0	0.0	33.33	0.0	0.0	16.67	16.67	0.0	0.0	0.0	0.0	0.0	16.67	0.0	0.0	0.0	16.67	0.0	0.0	0.0	16.67	0.0	0.0	0.0
GORDO	40	40.0	0.0	0.0	0.0	0.0	0.0	0.0	0.0	0.0	0.0	0.0	0.0	2.50	0.0	5.00	2.50	5.00	5.00	0.0	0.0	10.00	0.0	7.50	0.0	0.0	2.50	2.50	17.50	2.50	0.0	0.0	0.0	0.0	0.0	0.0	0.0	60.00	0.0	0.0	0.0	0.0	0.0	5.00	7.50	0.0	0.0	5.00	7.50	0.0	5.00	2.50	2.50	2.50	0.0	0.0	7.50	0.0	2.50	12.50	10.00	10.00	20.00	2.50	12.50	0.0	0.0	0.0	0.0	5.00	7.50	5.00	0.0	0.0	0.0	5.00	17.50	2.50	0.0	0.0
MILES	2	2.0	0.0	0.0	0.0	0.0	0.0	0.0	0.0	0.0	0.0	0.0	0.0	0.0	0.0	0.0	0.0	0.0	0.0	0.0	0.0	0.0	0.0	0.0	0.0	0.0	0.0	0.0	0.0	0.0	0.0	0.0	0.0	0.0	0.0	0.0	0.0	100.00	0.0	0.0	0.0	0.0	0.0	0.0	0.0	0.0	0.0	0.0	100.00	0.0	0.0	0.0	0.0	0.0	0.0	0.0	0.0	0.0	0.0	0.0	0.0	50.00	100.00	0.0	0.0	0.0	0.0	0.0	0.0	0.0	100.00	0.0	0.0	0.0	0.0	0.0	50.00	0.0	0.0	0.0
GORDO	57	57.0	0.0	1.75	0.0	0.0	0.0	0.0	0.0	0.0	0.0	0.0	0.0	1.75	0.0	15.79	3.51	3.51	0.0	0.0	0.0	7.02	0.0	7.02	1.75	1.75	1.75	1.75	17.54	3.51	0.0	1.75	1.75	0.0	0.0	0.0	0.0	57.89	0.0	0.0	1.75	0.0	0.0	0.0	5.26	0.0	0.0	1.75	7.02	0.0	7.02	1.75	0.0	0.0	0.0	0.0	5.26	1.75	0.0	14.04	12.28	8.77	21.05	3.51	19.30	0.0	0.0	0.0	0.0	10.53	17.54	5.26	0.0	5.26	0.0	12.28	15.79	3.51	0.0	0.0
MILES	4	4.0	0.0	0.0	0.0	0.0	0.0	0.0	0.0	0.0	0.0	0.0	0.0	0.0	0.0	0.0	25.00	0.0	0.0	0.0	0.0	25.00	0.0	25.00	0.0	0.0	0.0	0.0	0.0	0.0	0.0	0.0	0.0	0.0	0.0	0.0	0.0	75.00	0.0	0.0	0.0	0.0	0.0	0.0	0.0	0.0	0.0	0.0	50.00	0.0	0.0	0.0	0.0	0.0	0.0	0.0	0.0	0.0	0.0	0.0	0.0	25.00	50.00	0.0	0.0	0.0	0.0	0.0	0.0	0.0	0.0	0.0	0.0	0.0	0.0	0.0	25.00	0.0	0.0	0.0
GORDO	13	13.0	0.0	0.0	0.0	0.0	0.0	0.0	0.0	0.0	0.0	0.0	0.0	0.0	0.0	7.69	7.69	7.69	0.0	0.0	0.0	15.38	0.0	7.69	7.69	7.69	0.0	0.0	0.0	0.0	0.0	0.0	0.0	0.0	0.0	0.0	0.0	46.15	0.0	0.0	0.0	0.0	0.0	0.0	0.0	0.0	0.0	0.0	0.0	0.0	0.0	0.0	0.0	0.0	0.0	0.0	7.69	0.0	0.0	7.69	7.69	7.69	7.69	0.0	23.08	0.0	0.0	0.0	7.69	0.0	7.69	15.38	7.69	0.0	0.0	7.69	15.38	7.69	0.0	0.0
MILES	1	1.0	0.0	0.0	0.0	0.0	0.0	0.0	0.0	0.0	0.0	0.0	0.0	0.0	0.0	0.0	0.0	0.0	0.0	0.0	0.0	0.0	0.0	0.0	0.0	0.0	0.0	0.0	0.0	0.0	0.0	0.0	0.0	0.0	0.0	0.0	0.0	0.0	0.0	0.0	0.0	0.0	0.0	0.0	0.0	0.0	0.0	0.0	0.0	0.0	0.0	0.0	0.0	0.0	0.0	0.0	0.0	0.0	0.0	0.0	0.0	0.0	0.0	0.0	0.0	0.0	0.0	0.0	0.0	0.0	100.00	0.0	0.0	0.0	0.0	0.0	0.0	0.0	0.0	0.0
GORDO	24	24.0	0.0	0.0	0.0	0.0	0.0	0.0	0.0	0.0	0.0	0.0	0.0	0.0	0.0	12.50	4.17	4.17	4.17	4.17	0.0	8.33	0.0	0.0	12.50	12.50	12.50	0.0	20.83	4.17	0.0	0.0	4.17	0.0	0.0	0.0	0.0	41.67	0.0	4.17	0.0	0.0	4.17	0.0	0.0	4.17	0.0	0.0	4.17	8.33	0.0	0.0	0.0	4.17	0.0	0.0	0.0	4.17	0.0	12.50	4.17	4.17	16.67	4.17	4.17	0.0	0.0	4.17	0.0	8.33	20.83	4.17	4.17	0.0	4.17	0.0	4.17	0.0	4.17	0.0
MILES	5	5.0	0.0	0.0	0.0	0.0	0.0	0.0	0.0	0.0	0.0	0.0	0.0	0.0	0.0	0.0	0.0	20.00	0.0	0.0	0.0	0.0	0.0	0.0	0.0	0.0	0.0	0.0	20.00	20.00	0.0	0.0	0.0	0.0	0.0	0.0	0.0	60.00	0.0	0.0	0.0	0.0	0.0	0.0	20.00	0.0	0.0	0.0	20.00	0.0	0.0	0.0	0.0	0.0	0.0	0.0	0.0	0.0	0.0	20.00	0.0	0.0	40.00	0.0	20.00	0.0	0.0	0.0	0.0	0.0	20.00	20.00	0.0	0.0	0.0	0.0	0.0	20.00	0.0	0.0
GORDO	101	101.0	0.0	0.0	0.0	0.0	0.0	0.0	0.0	0.0	0.0	0.0	0.0	0.0	0.0	6.93	0.0	8.91	3.96	1.98	0.0	4.95	0.0	11.88	2.97	0.99	2.97	1.98	9.90	4.95	0.0	0.0	0.99	0.0	0.0	0.0	0.0	63.37	0.0	0.0	0.0	0.0	1.98	0.99	1.98	0.99	0.0	0.0	6.93	1.98	2.97	3.96	0.99	1.98	0.0	0.99	2.97	0.0	1.98	19.80	8.91	10.89	26.73	2.97	18.81	0.99	0.0	0.0	0.99	16.83	26.73	7.92	1.98	1.98	0.0	6.93	14.85	0.0	1.98	1.98
MILES	6	6.0	0.0	0.0	0.0	0.0	0.0	0.0	0.0	0.0	0.0	0.0	0.0	0.0	0.0	0.0	0.0	0.0	33.33	16.67	0.0	0.0	0.0	33.33	16.67	16.67	0.0	0.0	16.67	0.0	0.0	0.0	0.0	0.0	0.0	0.0	0.0	66.67	0.0	0.0	0.0	0.0	0.0	0.0	16.67	0.0	0.0	0.0	0.0	0.0	16.67	0.0	16.67	16.67	0.0	0.0	16.67	0.0	16.67	50.00	0.0	33.33	50.00	0.0	0.0	0.0	0.0	0.0	0.0	0.0	50.00	0.0	16.67	0.0	0.0	0.0	50.00	16.67	16.67	33.33
GORDO	54	54.0	1.85	0.0	0.0	0.0	1.85	0.0	0.0	0.0	0.0	0.0	0.0	0.0	0.0	7.41	5.56	9.26	5.56	0.0	0.0	5.56	0.0	11.11	1.85	0.0	0.0	1.85	12.96	1.85	0.0	0.0	1.85	0.0	0.0	0.0	0.0	66.67	0.0	0.0	1.85	0.0	7.41	0.0	1.85	1.85	0.0	1.85	29.63	0.0	0.0	0.0	1.85	1.85	0.0	0.0	5.56	1.85	3.70	5.56	5.56	9.26	35.19	1.85	9.26	0.0	1.85	0.0	0.0	5.56	25.93	1.85	0.0	5.56	0.0	5.56	16.67	0.0	3.70	0.0
GORDO	1	1.0	0.0	0.0	0.0	0.0	0.0	0.0	0.0	0.0	0.0	0.0	0.0	0.0	0.0	100.00	0.0	0.0	0.0	0.0	0.0	0.0	0.0	0.0	0.0	0.0	0.0	0.0	0.0	0.0	0.0	0.0	0.0	0.0	0.0	0.0	0.0	0.0	0.0	0.0	0.0	0.0	0.0	0.0	0.0	0.0	0.0	0.0	0.0	0.0	0.0	0.0	0.0	0.0	0.0	0.0	0.0	0.0	0.0	0.0	0.0	0.0	0.0	0.0	0.0	0.0	0.0	0.0	0.0	0.0	0.0	0.0	0.0	0.0	0.0	0.0	0.0	0.0	0.0	0.0
GORDO	22	22.0	0.0	0.0	0.0	0.0	0.0	0.0	0.0	0.0	0.0	0.0	0.0	0.0	0.0	4.55	0.0	9.09	4.55	0.0	0.0	9.09	0.0	9.09	0.0	0.0	4.55	0.0	9.09	9.09	0.0	0.0	0.0	0.0	0.0	0.0	0.0	59.09	0.0	0.0	0.0	0.0	0.0	0.0	4.55	0.0	0.0	0.0	13.64	0.0	0.0	4.55	0.0	0.0	0.0	9.09	4.55	0.0	4.55	4.55	4.55	13.64	18.18	4.55	22.73	0.0	0.0	0.0	0.0	4.55	4.55	9.09	0.0	0.0	0.0	9.09	18.18	0.0	0.0	0.0
MILES	8	8.0	0.0	0.0	0.0	0.0	0.0	0.0	0.0	0.0	0.0	0.0	0.0	0.0	0.0	0.0	0.0	0.0	12.50	0.0	0.0	0.0	0.0	0.0	0.0	0.0	0.0	12.50	25.00	0.0	0.0	0.0	0.0	0.0	0.0	0.0	0.0	50.00	0.0	0.0	0.0	0.0	0.0	0.0	12.50	0.0	0.0	0.0	0.0	0.0	0.0	12.50	0.0	0.0	0.0	0.0	12.50	0.0	12.50	37.50	12.50	0.0	37.50	0.0	25.00	0.0	0.0	0.0	0.0	12.50	37.50	12.50	0.0	0.0	0.0	0.0	12.50	25.00	0.0	0.0
GORDO	2	2.0	0.0	0.0	0.0	0.0	0.0	0.0	0.0	0.0	0.0	0.0	0.0	0.0	0.0	0.0	0.0	0.0	0.0	0.0	0.0	0.0	0.0	0.0	0.0	0.0	0.0	0.0	50.00	0.0	0.0	0.0	0.0	0.0	0.0	0.0	0.0	50.00	0.0	0.0	0.0	0.0	0.0	0.0	50.00	0.0	0.0	0.0	0.0	0.0	0.0	50.00	0.0	0.0	0.0	0.0	0.0	0.0	0.0	0.0	50.00	50.00	0.0	0.0	100.00	0.0	0.0	0.0	0.0	0.0	0.0	50.00	0.0	0.0	0.0	0.0	50.00	0.0	0.0	0.0
JAKE	8	8.0	0.0	0.0	0.0	0.0	0.0	0.0	0.0	0.0	0.0	0.0	0.0	0.0	0.0	0.0	0.0	0.0	0.0	0.0	0.0	12.50	0.0	0.0	0.0	0.0	0.0	0.0	12.50	0.0	0.0	0.0	0.0	0.0	0.0	0.0	0.0	37.50	0.0	0.0	0.0	12.50	0.0	12.50	12.50	0.0	0.0	0.0	0.0	0.0	0.0	12.50	0.0	0.0	0.0	0.0	12.50	0.0	0.0	12.50	12.50	0.0	12.50	0.0	50.00	0.0	0.0	0.0	0.0	0.0	0.0	12.50	0.0	0.0	0.0	25.00	12.50	0.0	0.0	0.0
JAKE	3	3.0	0.0	0.0	0.0	0.0	0.0	0.0	0.0	0.0	0.0	0.0	0.0	0.0	0.0	0.0	0.0	0.0	66.67	0.0	0.0	0.0	0.0	33.33	0.0	0.0	0.0	0.0	33.33	0.0	0.0	0.0	0.0	0.0	0.0	0.0	0.0	66.67	0.0	0.0	0.0	0.0	0.0	0.0	0.0	0.0	0.0	0.0	66.67	0.0	0.0	0.0	0.0	33.33	0.0	0.0	0.0	0.0	33.33	0.0	0.0	33.33	66.67	0.0	0.0	0.0	0.0	0.0	0.0	0.0	0.0	0.0	0.0	33.33	0.0	0.0	33.33	0.0	0.0	0.0
MILES	18	18.0	0.0	0.0	0.0	0.0	0.0	0.0	0.0	0.0	0.0	0.0	0.0	0.0	0.0	22.22	0.0	22.22	5.56	5.56	0.0	5.56	0.0	11.11	5.56	0.0	0.0	0.0	50.00	16.67	0.0	0.0	27.78	0.0	0.0	0.0	0.0	72.22	5.56	0.0	0.0	0.0	0.0	0.0	5.56	0.0	0.0	5.56	0.0	0.0	0.0	0.0	0.0	5.56	0.0	0.0	0.0	0.0	0.0	16.67	5.56	5.56	16.67	0.0	16.67	0.0	0.0	0.0	5.56	0.0	22.22	16.67	5.56	22.22	0.0	0.0	16.67	16.67	0.0	0.0
JAKE	8	8.0	0.0	0.0	0.0	0.0	0.0	0.0	0.0	0.0	0.0	0.0	0.0	0.0	0.0	0.0	0.0	0.0	0.0	0.0	0.0	0.0	0.0	12.50	0.0	0.0	0.0	0.0	25.00	0.0	0.0	0.0	0.0	0.0	0.0	0.0	0.0	62.50	12.50	0.0	0.0	0.0	0.0	0.0	12.50	0.0	0.0	12.50	0.0	0.0	0.0	12.50	0.0	0.0	0.0	0.0	0.0	0.0	0.0	50.00	12.50	12.50	50.00	0.0	12.50	0.0	0.0	0.0	0.0	25.00	75.00	0.0	0.0	0.0	0.0	0.0	25.00	25.00	0.0	0.0
GORDO	2	2.0	0.0	0.0	0.0	0.0	0.0	0.0	0.0	0.0	0.0	0.0	0.0	0.0	0.0	0.0	0.0	0.0	0.0	0.0	0.0	0.0	0.0	0.0	0.0	0.0	0.0	0.0	0.0	0.0	0.0	0.0	0.0	0.0	0.0	0.0	0.0	50.00	0.0	0.0	0.0	0.0	0.0	0.0	0.0	0.0	0.0	0.0	50.00	0.0	0.0	0.0	0.0	0.0	0.0	0.0	0.0	0.0	0.0	0.0	0.0	0.0	50.00	0.0	0.0	0.0	0.0	0.0	0.0	0.0	0.0	0.0	0.0	0.0	0.0	0.0	0.0	0.0	0.0	0.0
MILES	8	8.0	0.0	0.0	0.0	0.0	0.0	0.0	0.0	0.0	0.0	0.0	0.0	0.0	0.0	0.0	0.0	12.50	0.0	0.0	0.0	12.50	0.0	0.0	0.0	0.0	0.0	0.0	12.50	0.0	0.0	0.0	0.0	0.0	0.0	0.0	0.0	75.00	0.0	0.0	0.0	0.0	0.0	0.0	12.50	0.0	0.0	0.0	0.0	0.0	12.50	12.50	0.0	0.0	0.0	0.0	0.0	0.0	0.0	37.50	12.50	25.00	37.50	0.0	25.00	0.0	0.0	0.0	0.0	12.50	50.00	0.0	0.0	0.0	0.0	12.50	25.00	25.00	0.0	0.0
JAKE	8	8.0	0.0	0.0	0.0	0.0	0.0	0.0	0.0	0.0	0.0	0.0	0.0	0.0	0.0	0.0	0.0	0.0	0.0	0.0	0.0	12.50	0.0	12.50	0.0	0.0	0.0	0.0	37.50	0.0	0.0	0.0	0.0	0.0	0.0	0.0	0.0	87.50	0.0	0.0	0.0	0.0	0.0	0.0	25.00	0.0	0.0	12.50	12.50	0.0	12.50	0.0	0.0	0.0	0.0	0.0	0.0	0.0	0.0	37.50	12.50	25.00	50.00	0.0	0.0	0.0	0.0	0.0	0.0	0.0	37.50	0.0	0.0	0.0	0.0	0.0	37.50	25.00	0.0	12.50
GORDO	5	5.0	0.0	0.0	0.0	0.0	0.0	0.0	0.0	0.0	0.0	0.0	0.0	0.0	0.0	0.0	0.0	20.00	0.0	0.0	0.0	0.0	0.0	0.0	0.0	0.0	0.0	0.0	20.00	20.00	0.0	0.0	0.0	0.0	0.0	0.0	0.0	60.00	0.0	0.0	0.0	0.0	0.0	0.0	20.00	0.0	0.0	0.0	20.00	0.0	0.0	0.0	0.0	0.0	0.0	0.0	0.0	0.0	0.0	0.0	20.00	0.0	20.00	0.0	20.00	0.0	0.0	0.0	0.0	0.0	0.0	20.00	0.0	0.0	0.0	0.0	0.0	0.0	0.0	0.0
JAKE	15	15.0	0.0	0.0	0.0	0.0	0.0	0.0	0.0	0.0	0.0	0.0	0.0	0.0	0.0	20.00	0.0	13.33	0.0	0.0	0.0	0.0	0.0	6.67	0.0	0.0	0.0	0.0	13.33	6.67	0.0	0.0	0.0	0.0	0.0	0.0	0.0	73.33	6.67	0.0	0.0	0.0	0.0	0.0	0.0	0.0	0.0	6.67	6.67	0.0	0.0	13.33	0.0	0.0	0.0	0.0	0.0	6.67	0.0	33.33	13.33	6.67	40.00	0.0	33.33	0.0	0.0	6.67	0.0	13.33	40.00	0.0	0.0	6.67	13.33	20.00	13.33	6.67	0.0	0.0
WAITRESS	6	6.0	0.0	0.0	0.0	0.0	0.0	0.0	0.0	0.0	0.0	0.0	0.0	0.0	0.0	0.0	0.0	0.0	0.0	0.0	0.0	0.0	0.0	16.67	0.0	0.0	0.0	0.0	0.0	0.0	0.0	0.0	0.0	0.0	0.0	0.0	0.0	66.67	0.0	0.0	0.0	0.0	16.67	16.67	0.0	0.0	0.0	0.0	16.67	0.0	0.0	0.0	0.0	0.0	0.0	0.0	0.0	0.0	0.0	33.33	0.0	33.33	50.00	0.0	0.0	0.0	0.0	0.0	0.0	0.0	33.33	0.0	0.0	0.0	0.0	0.0	33.33	0.0	0.0	16.67
MILES	4	4.0	0.0	0.0	0.0	0.0	0.0	0.0	0.0	0.0	0.0	0.0	0.0	0.0	0.0	0.0	0.0	0.0	0.0	0.0	0.0	25.00	0.0	0.0	25.00	0.0	0.0	0.0	25.00	25.00	0.0	0.0	0.0	0.0	0.0	0.0	0.0	50.00	0.0	0.0	0.0	0.0	0.0	0.0	25.00	25.00	0.0	0.0	0.0	25.00	0.0	0.0	0.0	0.0	0.0	0.0	0.0	0.0	0.0	0.0	0.0	0.0	0.0	0.0	0.0	0.0	0.0	0.0	0.0	0.0	0.0	0.0	0.0	0.0	0.0	0.0	0.0	0.0	0.0	0.0
JAKE	5	5.0	0.0	0.0	0.0	0.0	0.0	0.0	0.0	0.0	0.0	0.0	0.0	0.0	0.0	0.0	0.0	0.0	0.0	0.0	0.0	20.00	0.0	20.00	0.0	0.0	0.0	0.0	0.0	0.0	0.0	0.0	0.0	0.0	0.0	0.0	0.0	60.00	0.0	0.0	0.0	0.0	0.0	0.0	0.0	0.0	0.0	0.0	0.0	0.0	0.0	0.0	0.0	0.0	0.0	0.0	20.00	0.0	0.0	20.00	0.0	0.0	20.00	0.0	20.00	0.0	0.0	0.0	0.0	0.0	20.00	20.00	0.0	0.0	0.0	0.0	20.00	20.00	0.0	0.0
JAKE	30	30.0	0.0	0.0	0.0	0.0	0.0	0.0	0.0	0.0	0.0	0.0	0.0	0.0	0.0	3.33	3.33	6.67	3.33	3.33	0.0	10.00	0.0	3.33	0.0	0.0	3.33	3.33	23.33	10.00	0.0	0.0	3.33	0.0	0.0	0.0	0.0	63.33	0.0	0.0	0.0	0.0	0.0	0.0	6.67	0.0	0.0	0.0	6.67	3.33	0.0	3.33	0.0	3.33	0.0	0.0	6.67	0.0	0.0	10.00	10.00	0.0	16.67	6.67	20.00	0.0	0.0	0.0	0.0	0.0	13.33	10.00	0.0	6.67	0.0	6.67	6.67	10.00	3.33	0.0
JAKE	2	2.0	0.0	0.0	0.0	0.0	0.0	0.0	0.0	0.0	0.0	0.0	0.0	0.0	0.0	0.0	0.0	0.0	0.0	0.0	0.0	0.0	0.0	50.00	0.0	0.0	0.0	0.0	0.0	0.0	0.0	0.0	0.0	0.0	0.0	0.0	0.0	150.00	0.0	0.0	0.0	0.0	0.0	0.0	0.0	0.0	0.0	0.0	150.00	0.0	0.0	0.0	0.0	0.0	0.0	0.0	0.0	0.0	0.0	0.0	0.0	50.00	150.00	0.0	0.0	0.0	0.0	0.0	0.0	0.0	0.0	0.0	0.0	0.0	0.0	0.0	50.00	0.0	0.0	0.0
MILES/GORDO	3	3.0	0.0	0.0	0.0	0.0	0.0	0.0	0.0	0.0	0.0	0.0	0.0	0.0	0.0	0.0	0.0	0.0	0.0	0.0	0.0	0.0	0.0	0.0	0.0	0.0	0.0	0.0	0.0	0.0	0.0	0.0	0.0	0.0	0.0	0.0	0.0	66.67	0.0	0.0	0.0	0.0	0.0	0.0	0.0	0.0	0.0	0.0	66.67	0.0	33.33	0.0	0.0	0.0	0.0	0.0	0.0	0.0	0.0	0.0	0.0	0.0	66.67	0.0	0.0	0.0	0.0	0.0	0.0	0.0	0.0	0.0	0.0	0.0	0.0	0.0	0.0	0.0	0.0	0.0
MILES	7	7.0	0.0	0.0	0.0	0.0	0.0	0.0	0.0	0.0	0.0	0.0	0.0	0.0	0.0	14.29	0.0	14.29	0.0	0.0	0.0	0.0	0.0	28.57	0.0	0.0	0.0	0.0	42.86	0.0	0.0	14.29	14.29	0.0	0.0	0.0	0.0	71.43	0.0	0.0	0.0	0.0	0.0	28.57	14.29	0.0	0.0	0.0	0.0	0.0	14.29	0.0	0.0	0.0	0.0	0.0	0.0	0.0	0.0	42.86	0.0	42.86	42.86	0.0	0.0	0.0	0.0	0.0	0.0	0.0	28.57	0.0	0.0	0.0	0.0	0.0	42.86	14.29	0.0	0.0
JAKE	27	27.0	0.0	0.0	0.0	0.0	0.0	0.0	0.0	0.0	0.0	0.0	0.0	0.0	0.0	18.52	3.70	7.41	14.81	0.0	0.0	7.41	3.70	14.81	3.70	0.0	0.0	3.70	14.81	0.0	0.0	3.70	3.70	0.0	0.0	0.0	0.0	55.56	3.70	3.70	0.0	0.0	3.70	3.70	0.0	0.0	0.0	3.70	18.52	0.0	3.70	0.0	0.0	3.70	0.0	0.0	0.0	0.0	11.11	7.41	3.70	14.81	25.93	0.0	3.70	0.0	0.0	0.0	0.0	0.0	11.11	3.70	0.0	0.0	0.0	0.0	22.22	0.0	0.0	3.70
GORDO	1	1.0	0.0	0.0	0.0	0.0	0.0	0.0	0.0	0.0	0.0	0.0	0.0	0.0	0.0	0.0	0.0	100.00	0.0	0.0	0.0	0.0	0.0	0.0	0.0	0.0	0.0	0.0	0.0	100.00	0.0	0.0	0.0	0.0	0.0	0.0	0.0	100.00	0.0	0.0	0.0	0.0	0.0	0.0	0.0	0.0	0.0	0.0	0.0	0.0	0.0	0.0	0.0	0.0	0.0	0.0	0.0	0.0	0.0	0.0	0.0	0.0	0.0	0.0	100.00	0.0	0.0	0.0	0.0	0.0	0.0	0.0	0.0	0.0	0.0	100.00	0.0	0.0	0.0	0.0
JAKE	3	3.0	0.0	0.0	0.0	0.0	0.0	0.0	0.0	0.0	0.0	0.0	0.0	0.0	0.0	33.33	0.0	33.33	0.0	0.0	0.0	0.0	0.0	0.0	0.0	0.0	0.0	0.0	33.33	0.0	0.0	0.0	33.33	0.0	0.0	0.0	0.0	66.67	0.0	0.0	0.0	0.0	0.0	33.33	0.0	0.0	0.0	0.0	0.0	0.0	0.0	0.0	0.0	0.0	0.0	0.0	0.0	0.0	0.0	33.33	0.0	0.0	33.33	0.0	33.33	0.0	0.0	0.0	0.0	0.0	0.0	0.0	0.0	0.0	0.0	33.33	0.0	0.0	0.0	0.0
MILES	5	5.0	0.0	0.0	0.0	0.0	0.0	0.0	0.0	0.0	0.0	0.0	0.0	0.0	0.0	0.0	0.0	20.00	20.00	20.00	0.0	0.0	0.0	0.0	20.00	0.0	0.0	0.0	20.00	0.0	0.0	0.0	0.0	0.0	0.0	0.0	0.0	80.00	0.0	0.0	0.0	0.0	0.0	0.0	20.00	0.0	0.0	0.0	20.00	0.0	0.0	20.00	0.0	20.00	0.0	0.0	0.0	0.0	0.0	40.00	0.0	40.00	60.00	0.0	20.00	0.0	0.0	0.0	20.00	0.0	40.00	0.0	20.00	0.0	0.0	0.0	40.00	40.00	0.0	0.0
GORDO	20	20.0	0.0	0.0	0.0	0.0	0.0	0.0	0.0	0.0	0.0	0.0	0.0	0.0	0.0	5.00	5.00	5.00	10.00	0.0	0.0	10.00	5.00	15.00	5.00	5.00	0.0	5.00	5.00	0.0	0.0	0.0	0.0	0.0	0.0	0.0	0.0	85.00	0.0	0.0	0.0	0.0	0.0	0.0	0.0	0.0	0.0	0.0	10.00	0.0	0.0	5.00	0.0	0.0	0.0	5.00	0.0	0.0	10.00	15.00	15.00	15.00	25.00	10.00	15.00	0.0	0.0	0.0	5.00	0.0	15.00	5.00	5.00	0.0	0.0	5.00	20.00	15.00	0.0	0.0
JAKE	6	6.0	0.0	0.0	0.0	0.0	0.0	0.0	0.0	0.0	0.0	0.0	0.0	0.0	0.0	0.0	0.0	0.0	0.0	0.0	0.0	0.0	0.0	0.0	0.0	0.0	0.0	0.0	0.0	0.0	0.0	0.0	0.0	0.0	0.0	0.0	0.0	50.00	0.0	0.0	0.0	0.0	0.0	33.33	0.0	0.0	0.0	0.0	0.0	0.0	0.0	0.0	0.0	0.0	0.0	0.0	0.0	0.0	0.0	33.33	16.67	0.0	33.33	0.0	50.00	0.0	0.0	0.0	0.0	0.0	16.67	33.33	0.0	0.0	0.0	16.67	0.0	0.0	0.0	0.0
MILES	11	11.0	0.0	0.0	0.0	0.0	0.0	0.0	0.0	0.0	0.0	0.0	0.0	0.0	0.0	0.0	9.09	9.09	0.0	0.0	0.0	9.09	0.0	18.18	0.0	0.0	9.09	0.0	18.18	9.09	0.0	0.0	0.0	0.0	0.0	0.0	0.0	63.64	0.0	0.0	0.0	0.0	0.0	0.0	0.0	0.0	0.0	9.09	0.0	0.0	0.0	18.18	0.0	0.0	0.0	0.0	0.0	0.0	0.0	18.18	9.09	18.18	18.18	0.0	18.18	0.0	0.0	0.0	0.0	0.0	18.18	0.0	0.0	0.0	0.0	0.0	27.27	0.0	0.0	18.18
JAKE	4	4.0	0.0	0.0	0.0	0.0	0.0	0.0	0.0	0.0	0.0	0.0	0.0	0.0	0.0	25.00	0.0	0.0	0.0	0.0	0.0	25.00	0.0	25.00	0.0	0.0	0.0	0.0	0.0	0.0	0.0	0.0	0.0	0.0	0.0	0.0	0.0	75.00	0.0	0.0	0.0	0.0	0.0	50.00	0.0	0.0	0.0	0.0	0.0	0.0	0.0	25.00	0.0	0.0	0.0	0.0	0.0	0.0	0.0	50.00	0.0	25.00	50.00	0.0	25.00	0.0	0.0	0.0	0.0	0.0	0.0	0.0	0.0	0.0	0.0	0.0	25.00	0.0	0.0	0.0
SOBOZINSKI	5	5.0	0.0	0.0	0.0	0.0	0.0	0.0	0.0	0.0	0.0	0.0	0.0	0.0	0.0	0.0	20.00	0.0	20.00	0.0	0.0	20.00	20.00	0.0	0.0	0.0	0.0	0.0	0.0	0.0	0.0	0.0	0.0	0.0	0.0	0.0	0.0	20.00	0.0	0.0	0.0	0.0	0.0	0.0	0.0	0.0	0.0	0.0	0.0	0.0	0.0	20.00	0.0	0.0	0.0	0.0	0.0	0.0	20.00	0.0	0.0	0.0	0.0	0.0	20.00	0.0	0.0	0.0	0.0	0.0	0.0	0.0	0.0	0.0	0.0	0.0	0.0	0.0	0.0	0.0
JAKE	2	2.0	0.0	0.0	0.0	0.0	0.0	0.0	0.0	0.0	0.0	0.0	0.0	0.0	0.0	0.0	50.00	0.0	0.0	0.0	0.0	0.0	0.0	0.0	0.0	0.0	0.0	0.0	0.0	0.0	0.0	0.0	0.0	0.0	0.0	0.0	0.0	50.00	0.0	0.0	0.0	0.0	0.0	50.00	0.0	0.0	0.0	0.0	0.0	0.0	0.0	0.0	0.0	0.0	0.0	0.0	0.0	0.0	0.0	50.00	0.0	50.00	50.00	0.0	0.0	0.0	0.0	0.0	0.0	0.0	0.0	0.0	0.0	0.0	0.0	0.0	50.00	0.0	0.0	0.0
ROTTOVICH	33	33.0	0.0	0.0	0.0	0.0	0.0	0.0	0.0	0.0	0.0	0.0	0.0	0.0	0.0	12.12	0.0	9.09	0.0	0.0	0.0	3.03	0.0	6.06	6.06	3.03	6.06	0.0	27.27	15.15	0.0	3.03	12.12	0.0	0.0	0.0	0.0	66.67	0.0	3.03	0.0	0.0	0.0	0.0	6.06	0.0	0.0	0.0	6.06	0.0	0.0	3.03	6.06	0.0	0.0	0.0	0.0	0.0	0.0	12.12	9.09	6.06	18.18	6.06	15.15	0.0	0.0	0.0	3.03	3.03	15.15	6.06	3.03	12.12	0.0	6.06	6.06	0.0	0.0	9.09
HARLIN	9	9.0	0.0	0.0	0.0	0.0	0.0	0.0	0.0	0.0	0.0	0.0	0.0	0.0	0.0	33.33	11.11	0.0	11.11	0.0	0.0	0.0	0.0	11.11	0.0	0.0	0.0	0.0	33.33	0.0	0.0	11.11	0.0	0.0	0.0	0.0	0.0	44.44	0.0	0.0	0.0	0.0	11.11	0.0	11.11	0.0	0.0	11.11	0.0	0.0	0.0	0.0	0.0	0.0	0.0	0.0	0.0	0.0	11.11	33.33	0.0	11.11	33.33	0.0	0.0	0.0	0.0	0.0	0.0	0.0	44.44	0.0	0.0	0.0	0.0	0.0	11.11	11.11	0.0	22.22
HARLIN	1	1.0	0.0	0.0	0.0	0.0	0.0	0.0	0.0	0.0	0.0	0.0	0.0	0.0	0.0	0.0	0.0	0.0	0.0	0.0	0.0	0.0	0.0	0.0	0.0	0.0	0.0	0.0	0.0	0.0	0.0	0.0	0.0	0.0	0.0	0.0	0.0	0.0	0.0	0.0	0.0	0.0	0.0	0.0	0.0	0.0	0.0	0.0	0.0	0.0	0.0	0.0	0.0	0.0	0.0	0.0	0.0	0.0	0.0	0.0	0.0	0.0	0.0	0.0	0.0	0.0	0.0	0.0	0.0	0.0	0.0	0.0	0.0	0.0	0.0	0.0	0.0	0.0	0.0	0.0
LUPUS	10	10.0	0.0	0.0	0.0	0.0	0.0	0.0	0.0	0.0	0.0	0.0	0.0	0.0	0.0	0.0	0.0	0.0	0.0	0.0	0.0	0.0	0.0	10.00	0.0	0.0	0.0	0.0	0.0	0.0	0.0	0.0	0.0	0.0	0.0	0.0	0.0	80.00	0.0	0.0	10.00	0.0	0.0	20.00	0.0	0.0	0.0	0.0	10.00	0.0	0.0	0.0	0.0	0.0	0.0	0.0	10.00	10.00	0.0	50.00	20.00	10.00	60.00	0.0	20.00	0.0	0.0	0.0	0.0	20.00	40.00	20.00	0.0	0.0	0.0	0.0	20.00	0.0	0.0	10.00
HARLIN	16	16.0	0.0	0.0	0.0	0.0	0.0	0.0	0.0	0.0	0.0	0.0	0.0	0.0	0.0	6.25	0.0	6.25	0.0	0.0	0.0	6.25	0.0	12.50	0.0	0.0	0.0	0.0	18.75	6.25	0.0	12.50	6.25	0.0	0.0	0.0	0.0	56.25	6.25	0.0	0.0	0.0	6.25	6.25	0.0	0.0	0.0	0.0	6.25	0.0	0.0	0.0	6.25	0.0	0.0	0.0	0.0	0.0	0.0	12.50	6.25	6.25	18.75	0.0	6.25	0.0	0.0	0.0	0.0	0.0	18.75	0.0	0.0	6.25	0.0	6.25	18.75	0.0	0.0	6.25
JAKE	12	12.0	0.0	0.0	0.0	0.0	0.0	0.0	0.0	0.0	0.0	0.0	0.0	0.0	0.0	0.0	0.0	0.0	0.0	0.0	0.0	16.67	0.0	8.33	0.0	0.0	0.0	0.0	0.0	0.0	0.0	0.0	0.0	0.0	0.0	0.0	0.0	83.33	0.0	0.0	0.0	0.0	0.0	0.0	0.0	0.0	0.0	0.0	25.00	0.0	0.0	0.0	0.0	0.0	0.0	16.67	16.67	0.0	0.0	16.67	0.0	0.0	41.67	0.0	0.0	0.0	0.0	0.0	0.0	0.0	16.67	0.0	0.0	0.0	0.0	0.0	16.67	0.0	0.0	16.67
HARLIN	18	18.0	5.56	0.0	0.0	0.0	0.0	0.0	0.0	0.0	5.56	0.0	0.0	0.0	0.0	5.56	11.11	0.0	5.56	0.0	0.0	5.56	0.0	0.0	0.0	0.0	0.0	0.0	11.11	0.0	0.0	5.56	0.0	0.0	0.0	0.0	0.0	50.00	0.0	0.0	0.0	5.56	5.56	0.0	5.56	0.0	0.0	5.56	5.56	0.0	0.0	0.0	0.0	0.0	0.0	0.0	0.0	0.0	5.56	5.56	33.33	0.0	11.11	0.0	11.11	0.0	0.0	0.0	0.0	0.0	11.11	5.56	0.0	0.0	0.0	5.56	0.0	0.0	5.56	5.56
JAKE	6	6.0	0.0	0.0	0.0	0.0	0.0	0.0	0.0	0.0	0.0	0.0	0.0	0.0	0.0	0.0	16.67	0.0	0.0	0.0	0.0	16.67	0.0	0.0	0.0	0.0	0.0	0.0	0.0	0.0	0.0	0.0	0.0	0.0	0.0	0.0	0.0	50.00	0.0	0.0	0.0	0.0	0.0	0.0	0.0	0.0	0.0	0.0	16.67	0.0	0.0	0.0	0.0	0.0	16.67	16.67	0.0	0.0	0.0	0.0	0.0	0.0	16.67	0.0	0.0	0.0	0.0	0.0	0.0	0.0	0.0	0.0	0.0	0.0	0.0	0.0	0.0	0.0	0.0	0.0
HARLIN	7	7.0	0.0	0.0	0.0	0.0	0.0	0.0	0.0	0.0	0.0	0.0	0.0	0.0	0.0	0.0	0.0	14.29	0.0	0.0	0.0	28.57	0.0	14.29	0.0	0.0	0.0	0.0	0.0	0.0	0.0	0.0	0.0	0.0	0.0	0.0	0.0	85.71	0.0	0.0	0.0	0.0	0.0	0.0	0.0	0.0	0.0	0.0	0.0	0.0	0.0	0.0	0.0	0.0	0.0	0.0	0.0	0.0	0.0	28.57	14.29	28.57	28.57	0.0	28.57	0.0	0.0	0.0	0.0	28.57	28.57	14.29	0.0	0.0	0.0	14.29	28.57	0.0	0.0	0.0
KING PIN	4	4.0	0.0	0.0	0.0	0.0	0.0	0.0	0.0	0.0	0.0	0.0	0.0	0.0	0.0	0.0	0.0	0.0	0.0	0.0	0.0	25.00	0.0	0.0	0.0	0.0	0.0	0.0	0.0	0.0	0.0	0.0	0.0	0.0	0.0	0.0	0.0	25.00	0.0	0.0	0.0	0.0	0.0	0.0	0.0	0.0	0.0	0.0	0.0	0.0	0.0	0.0	0.0	0.0	0.0	0.0	0.0	50.00	0.0	0.0	0.0	0.0	0.0	0.0	0.0	0.0	0.0	50.00	0.0	0.0	0.0	0.0	0.0	0.0	0.0	0.0	0.0	0.0	0.0	0.0
KING PIN	14	14.0	0.0	0.0	0.0	0.0	0.0	0.0	0.0	0.0	0.0	0.0	0.0	0.0	0.0	0.0	0.0	0.0	0.0	0.0	0.0	14.29	0.0	0.0	0.0	0.0	0.0	7.14	14.29	7.14	0.0	0.0	0.0	0.0	0.0	0.0	0.0	50.00	0.0	0.0	0.0	0.0	0.0	7.14	7.14	0.0	0.0	0.0	0.0	0.0	0.0	7.14	0.0	0.0	0.0	0.0	0.0	7.14	0.0	21.43	0.0	14.29	21.43	7.14	14.29	0.0	0.0	7.14	0.0	0.0	14.29	0.0	0.0	0.0	0.0	7.14	14.29	0.0	0.0	14.29
KING PIN	21	21.0	0.0	4.76	0.0	0.0	0.0	0.0	0.0	0.0	0.0	0.0	0.0	0.0	0.0	4.76	0.0	9.52	0.0	0.0	0.0	4.76	4.76	28.57	0.0	0.0	0.0	0.0	9.52	0.0	0.0	9.52	0.0	0.0	0.0	0.0	0.0	66.67	4.76	0.0	4.76	0.0	0.0	4.76	0.0	0.0	0.0	0.0	0.0	0.0	0.0	0.0	4.76	0.0	0.0	0.0	14.29	4.76	0.0	14.29	9.52	9.52	14.29	0.0	14.29	0.0	0.0	0.0	0.0	0.0	14.29	9.52	0.0	0.0	0.0	4.76	33.33	0.0	0.0	9.52
JAKE	9	9.0	0.0	0.0	0.0	0.0	0.0	0.0	0.0	0.0	0.0	0.0	0.0	0.0	0.0	0.0	0.0	22.22	0.0	0.0	0.0	0.0	0.0	11.11	0.0	0.0	0.0	0.0	11.11	11.11	0.0	0.0	0.0	0.0	0.0	0.0	0.0	66.67	0.0	0.0	0.0	0.0	0.0	11.11	11.11	0.0	0.0	0.0	0.0	0.0	0.0	0.0	0.0	0.0	0.0	0.0	0.0	0.0	0.0	22.22	0.0	11.11	22.22	0.0	0.0	0.0	0.0	0.0	0.0	0.0	22.22	0.0	0.0	0.0	0.0	0.0	11.11	0.0	0.0	11.11
KING PIN	49	49.0	0.0	2.04	0.0	0.0	0.0	0.0	0.0	0.0	0.0	0.0	0.0	0.0	0.0	10.20	0.0	16.33	6.12	0.0	0.0	4.08	0.0	0.0	0.0	0.0	2.04	0.0	20.41	10.20	0.0	0.0	2.04	0.0	0.0	0.0	0.0	53.06	0.0	0.0	2.04	0.0	2.04	0.0	10.20	0.0	0.0	0.0	4.08	0.0	4.08	2.04	0.0	2.04	0.0	0.0	6.12	2.04	4.08	4.08	14.29	0.0	8.16	4.08	16.33	0.0	0.0	0.0	0.0	0.0	8.16	14.29	0.0	8.16	0.0	0.0	6.12	0.0	0.0	4.08
JAKE	5	5.0	0.0	0.0	0.0	0.0	0.0	0.0	0.0	0.0	0.0	0.0	0.0	0.0	0.0	0.0	0.0	0.0	20.00	0.0	0.0	20.00	0.0	20.00	0.0	0.0	0.0	0.0	0.0	0.0	0.0	0.0	0.0	0.0	0.0	0.0	0.0	60.00	0.0	0.0	0.0	0.0	0.0	20.00	0.0	0.0	0.0	0.0	0.0	0.0	0.0	0.0	0.0	0.0	0.0	0.0	0.0	0.0	20.00	20.00	0.0	20.00	20.00	0.0	0.0	0.0	0.0	0.0	0.0	0.0	0.0	0.0	0.0	0.0	0.0	0.0	20.00	0.0	0.0	0.0
KING PIN	2	2.0	0.0	0.0	0.0	0.0	0.0	0.0	0.0	0.0	0.0	0.0	0.0	0.0	0.0	0.0	0.0	0.0	0.0	0.0	0.0	0.0	0.0	0.0	0.0	0.0	0.0	0.0	0.0	0.0	0.0	0.0	0.0	0.0	0.0	0.0	0.0	50.00	0.0	0.0	0.0	0.0	0.0	0.0	0.0	0.0	0.0	0.0	0.0	0.0	0.0	0.0	0.0	0.0	0.0	50.00	0.0	0.0	0.0	0.0	0.0	0.0	0.0	0.0	0.0	0.0	0.0	0.0	0.0	0.0	0.0	0.0	0.0	0.0	0.0	0.0	0.0	0.0	0.0	0.0
JAKE	2	2.0	0.0	0.0	0.0	0.0	0.0	0.0	0.0	0.0	0.0	0.0	0.0	0.0	0.0	0.0	0.0	0.0	0.0	0.0	0.0	0.0	0.0	0.0	0.0	0.0	0.0	0.0	0.0	0.0	0.0	0.0	0.0	0.0	0.0	0.0	0.0	50.00	0.0	0.0	0.0	0.0	0.0	0.0	0.0	0.0	0.0	0.0	0.0	0.0	0.0	0.0	0.0	0.0	0.0	50.00	0.0	0.0	0.0	0.0	0.0	0.0	0.0	0.0	0.0	0.0	0.0	0.0	0.0	0.0	0.0	0.0	0.0	0.0	0.0	0.0	0.0	0.0	0.0	0.0
KING PIN	66	66.0	0.0	0.0	0.0	0.0	0.0	0.0	0.0	0.0	0.0	0.0	0.0	0.0	0.0	13.64	1.52	4.55	6.06	1.52	0.0	9.09	0.0	13.64	3.03	0.0	0.0	1.52	7.58	0.0	0.0	0.0	1.52	0.0	0.0	0.0	0.0	57.58	1.52	0.0	0.0	0.0	3.03	4.55	0.0	1.52	0.0	4.55	12.12	0.0	0.0	0.0	1.52	3.03	0.0	0.0	3.03	0.0	3.03	12.12	9.09	12.12	24.24	1.52	10.61	0.0	1.52	0.0	1.52	3.03	10.61	4.55	1.52	0.0	1.52	4.55	19.70	0.0	0.0	3.03
JAKE	7	7.0	0.0	0.0	0.0	0.0	0.0	0.0	0.0	0.0	0.0	0.0	0.0	0.0	0.0	14.29	0.0	0.0	14.29	0.0	0.0	14.29	0.0	0.0	0.0	0.0	0.0	14.29	42.86	0.0	0.0	14.29	0.0	0.0	0.0	0.0	0.0	57.14	0.0	0.0	0.0	0.0	0.0	14.29	0.0	0.0	0.0	0.0	14.29	0.0	0.0	0.0	0.0	0.0	0.0	0.0	0.0	0.0	14.29	14.29	0.0	14.29	28.57	14.29	0.0	0.0	0.0	0.0	0.0	0.0	0.0	0.0	0.0	14.29	0.0	0.0	14.29	0.0	0.0	0.0
KING PIN	14	14.0	0.0	0.0	0.0	0.0	0.0	0.0	0.0	0.0	0.0	0.0	0.0	0.0	0.0	0.0	7.14	7.14	7.14	0.0	0.0	7.14	0.0	0.0	0.0	0.0	0.0	0.0	7.14	14.29	0.0	0.0	0.0	0.0	0.0	0.0	0.0	57.14	0.0	0.0	0.0	0.0	7.14	0.0	0.0	0.0	0.0	7.14	0.0	0.0	0.0	0.0	0.0	0.0	0.0	0.0	0.0	0.0	7.14	14.29	28.57	0.0	14.29	0.0	0.0	0.0	0.0	0.0	0.0	0.0	21.43	0.0	0.0	0.0	0.0	0.0	0.0	0.0	14.29	14.29
JAKE	6	6.0	0.0	0.0	0.0	0.0	0.0	0.0	0.0	0.0	0.0	0.0	0.0	0.0	0.0	0.0	0.0	0.0	33.33	16.67	0.0	16.67	0.0	33.33	0.0	0.0	0.0	0.0	0.0	0.0	0.0	0.0	0.0	0.0	0.0	0.0	0.0	66.67	0.0	0.0	0.0	0.0	16.67	0.0	0.0	0.0	0.0	0.0	0.0	0.0	0.0	0.0	16.67	16.67	0.0	0.0	0.0	0.0	16.67	16.67	0.0	33.33	16.67	0.0	0.0	0.0	0.0	0.0	0.0	0.0	33.33	0.0	0.0	0.0	0.0	0.0	33.33	0.0	0.0	16.67
KING PIN	12	12.0	0.0	0.0	0.0	0.0	0.0	0.0	0.0	0.0	0.0	0.0	0.0	0.0	0.0	0.0	0.0	0.0	16.67	8.33	0.0	16.67	0.0	16.67	0.0	0.0	0.0	0.0	8.33	8.33	0.0	0.0	8.33	0.0	0.0	0.0	0.0	50.00	0.0	0.0	0.0	0.0	16.67	0.0	0.0	0.0	0.0	0.0	0.0	0.0	0.0	0.0	8.33	8.33	0.0	0.0	0.0	0.0	8.33	8.33	0.0	16.67	8.33	0.0	0.0	0.0	0.0	0.0	0.0	0.0	25.00	0.0	0.0	0.0	0.0	0.0	16.67	0.0	0.0	8.33
JAKE	5	5.0	0.0	0.0	0.0	0.0	0.0	0.0	0.0	0.0	0.0	0.0	0.0	0.0	0.0	40.00	0.0	0.0	0.0	0.0	0.0	20.00	0.0	0.0	0.0	0.0	0.0	0.0	0.0	0.0	0.0	0.0	0.0	0.0	0.0	0.0	0.0	60.00	0.0	0.0	0.0	0.0	0.0	20.00	0.0	0.0	0.0	0.0	0.0	0.0	0.0	0.0	0.0	0.0	0.0	0.0	0.0	0.0	0.0	20.00	20.00	0.0	20.00	0.0	0.0	0.0	0.0	0.0	0.0	0.0	20.00	0.0	0.0	0.0	0.0	0.0	0.0	0.0	0.0	0.0
KING PIN	13	13.0	0.0	0.0	0.0	0.0	0.0	0.0	0.0	0.0	0.0	0.0	0.0	0.0	0.0	15.38	0.0	15.38	23.08	0.0	0.0	7.69	0.0	15.38	0.0	0.0	0.0	7.69	38.46	7.69	0.0	7.69	7.69	0.0	0.0	0.0	0.0	61.54	7.69	0.0	0.0	0.0	0.0	7.69	7.69	0.0	0.0	7.69	0.0	0.0	7.69	0.0	0.0	7.69	0.0	0.0	0.0	0.0	15.38	7.69	0.0	7.69	7.69	7.69	7.69	0.0	0.0	0.0	0.0	0.0	15.38	0.0	0.0	0.0	0.0	7.69	23.08	0.0	0.0	0.0
JAKE	4	4.0	0.0	0.0	0.0	0.0	0.0	0.0	0.0	0.0	0.0	0.0	0.0	0.0	0.0	0.0	0.0	0.0	0.0	0.0	0.0	0.0	0.0	75.00	0.0	0.0	0.0	0.0	0.0	0.0	0.0	0.0	0.0	0.0	0.0	0.0	0.0	125.00	0.0	0.0	0.0	0.0	0.0	25.00	0.0	0.0	0.0	0.0	25.00	0.0	0.0	0.0	25.00	0.0	0.0	0.0	0.0	0.0	0.0	25.00	0.0	75.00	50.00	0.0	0.0	0.0	0.0	0.0	0.0	0.0	0.0	0.0	0.0	0.0	0.0	0.0	75.00	0.0	0.0	0.0
KING PIN	2	2.0	0.0	0.0	0.0	0.0	0.0	0.0	0.0	0.0	0.0	0.0	0.0	0.0	0.0	0.0	0.0	0.0	0.0	0.0	0.0	0.0	0.0	0.0	0.0	0.0	50.00	0.0	100.00	0.0	0.0	0.0	50.00	0.0	0.0	0.0	0.0	50.00	0.0	0.0	0.0	0.0	0.0	0.0	0.0	0.0	0.0	0.0	0.0	0.0	0.0	0.0	50.00	0.0	0.0	0.0	0.0	0.0	0.0	0.0	0.0	0.0	0.0	0.0	0.0	0.0	0.0	0.0	0.0	0.0	0.0	0.0	0.0	0.0	0.0	0.0	0.0	0.0	0.0	0.0
JAKE	8	8.0	12.50	0.0	0.0	0.0	12.50	0.0	0.0	0.0	0.0	0.0	0.0	0.0	0.0	12.50	12.50	0.0	12.50	0.0	0.0	0.0	0.0	37.50	0.0	0.0	0.0	0.0	0.0	0.0	0.0	0.0	0.0	0.0	0.0	0.0	0.0	75.00	12.50	0.0	0.0	0.0	0.0	25.00	0.0	0.0	0.0	0.0	12.50	0.0	0.0	0.0	12.50	0.0	0.0	0.0	12.50	0.0	12.50	25.00	0.0	12.50	37.50	0.0	0.0	0.0	0.0	0.0	0.0	0.0	0.0	0.0	0.0	0.0	0.0	0.0	50.00	0.0	0.0	0.0
KING PIN	6	6.0	16.67	0.0	0.0	0.0	16.67	0.0	0.0	0.0	0.0	0.0	0.0	0.0	0.0	0.0	0.0	0.0	0.0	0.0	0.0	0.0	0.0	16.67	0.0	0.0	16.67	0.0	33.33	0.0	0.0	0.0	16.67	0.0	0.0	0.0	0.0	50.00	0.0	0.0	0.0	0.0	0.0	16.67	0.0	0.0	0.0	0.0	0.0	0.0	0.0	0.0	16.67	0.0	0.0	0.0	0.0	0.0	0.0	16.67	0.0	0.0	16.67	0.0	16.67	0.0	0.0	0.0	0.0	0.0	0.0	0.0	0.0	0.0	0.0	16.67	16.67	0.0	0.0	0.0
JAKE	7	7.0	0.0	0.0	0.0	0.0	0.0	0.0	0.0	0.0	0.0	0.0	0.0	0.0	0.0	14.29	0.0	0.0	14.29	14.29	0.0	0.0	0.0	0.0	0.0	0.0	14.29	0.0	14.29	14.29	14.29	0.0	0.0	0.0	0.0	0.0	0.0	71.43	0.0	0.0	0.0	0.0	0.0	14.29	0.0	0.0	0.0	0.0	0.0	0.0	0.0	0.0	0.0	14.29	0.0	14.29	0.0	0.0	0.0	28.57	14.29	0.0	28.57	0.0	0.0	0.0	0.0	0.0	0.0	0.0	14.29	0.0	0.0	0.0	0.0	0.0	0.0	0.0	0.0	14.29
KING PIN	12	12.0	0.0	0.0	0.0	0.0	0.0	0.0	0.0	0.0	0.0	0.0	0.0	0.0	0.0	16.67	0.0	16.67	0.0	0.0	0.0	0.0	0.0	25.00	0.0	0.0	0.0	0.0	8.33	8.33	0.0	8.33	0.0	0.0	0.0	0.0	8.33	83.33	0.0	0.0	0.0	0.0	0.0	0.0	0.0	0.0	0.0	0.0	8.33	0.0	8.33	0.0	0.0	0.0	0.0	0.0	8.33	0.0	0.0	16.67	8.33	16.67	25.00	16.67	8.33	0.0	0.0	0.0	0.0	0.0	25.00	0.0	0.0	0.0	0.0	8.33	25.00	0.0	8.33	16.67
JAKE	26	26.0	0.0	0.0	0.0	0.0	0.0	0.0	0.0	0.0	0.0	0.0	0.0	0.0	0.0	3.85	0.0	3.85	7.69	3.85	0.0	15.38	0.0	3.85	0.0	0.0	0.0	0.0	11.54	7.69	0.0	0.0	0.0	0.0	0.0	0.0	0.0	61.54	3.85	0.0	0.0	0.0	0.0	15.38	11.54	0.0	0.0	0.0	0.0	0.0	3.85	3.85	0.0	3.85	0.0	0.0	0.0	3.85	3.85	26.92	11.54	19.23	26.92	0.0	11.54	0.0	0.0	3.85	0.0	0.0	11.54	3.85	0.0	0.0	0.0	3.85	23.08	3.85	0.0	7.69
KING PIN	13	13.0	0.0	0.0	0.0	0.0	0.0	0.0	0.0	0.0	0.0	0.0	0.0	0.0	0.0	15.38	0.0	0.0	15.38	7.69	0.0	0.0	0.0	7.69	15.38	0.0	0.0	0.0	0.0	0.0	0.0	0.0	0.0	0.0	0.0	0.0	0.0	61.54	7.69	0.0	0.0	0.0	0.0	23.08	0.0	0.0	0.0	0.0	15.38	0.0	0.0	0.0	0.0	7.69	0.0	0.0	7.69	0.0	7.69	38.46	0.0	15.38	53.85	7.69	0.0	0.0	0.0	0.0	15.38	0.0	30.77	0.0	7.69	0.0	0.0	0.0	30.77	0.0	0.0	15.38
JAKE	3	3.0	0.0	0.0	0.0	0.0	0.0	0.0	0.0	0.0	0.0	0.0	0.0	0.0	0.0	33.33	33.33	33.33	33.33	0.0	0.0	0.0	0.0	0.0	0.0	0.0	0.0	33.33	66.67	0.0	0.0	0.0	33.33	0.0	0.0	0.0	0.0	66.67	0.0	0.0	0.0	0.0	0.0	0.0	0.0	0.0	0.0	0.0	0.0	0.0	0.0	0.0	33.33	0.0	0.0	0.0	0.0	0.0	33.33	0.0	0.0	0.0	0.0	0.0	0.0	0.0	0.0	0.0	0.0	0.0	0.0	0.0	0.0	0.0	0.0	0.0	0.0	0.0	0.0	0.0
KING PIN	58	58.0	0.0	0.0	0.0	0.0	0.0	0.0	0.0	0.0	0.0	0.0	0.0	0.0	0.0	8.62	3.45	3.45	5.17	0.0	0.0	5.17	0.0	8.62	0.0	0.0	0.0	0.0	10.34	3.45	0.0	1.72	3.45	0.0	0.0	0.0	0.0	67.24	0.0	0.0	0.0	0.0	1.72	12.07	5.17	0.0	0.0	0.0	3.45	3.45	1.72	1.72	0.0	0.0	0.0	6.90	1.72	0.0	5.17	20.69	15.52	12.07	24.14	0.0	10.34	0.0	0.0	0.0	0.0	5.17	13.79	3.45	0.0	1.72	0.0	5.17	15.52	0.0	0.0	3.45
JAKE	10	10.0	0.0	0.0	0.0	0.0	0.0	0.0	0.0	0.0	0.0	0.0	0.0	0.0	0.0	0.0	10.00	20.00	10.00	0.0	0.0	0.0	0.0	10.00	0.0	0.0	0.0	0.0	20.00	10.00	0.0	0.0	0.0	0.0	0.0	0.0	0.0	60.00	10.00	0.0	0.0	0.0	0.0	0.0	10.00	0.0	0.0	10.00	10.00	0.0	0.0	10.00	10.00	0.0	0.0	0.0	30.00	0.0	10.00	20.00	0.0	20.00	30.00	0.0	20.00	0.0	0.0	0.0	0.0	0.0	20.00	0.0	0.0	0.0	0.0	10.00	60.00	10.00	0.0	10.00
KING PIN	23	23.0	0.0	0.0	0.0	0.0	0.0	0.0	0.0	0.0	0.0	0.0	0.0	0.0	0.0	8.70	13.04	4.35	8.70	4.35	0.0	8.70	0.0	8.70	4.35	0.0	4.35	0.0	17.39	4.35	0.0	0.0	4.35	0.0	4.35	0.0	0.0	52.17	4.35	0.0	0.0	0.0	0.0	4.35	0.0	0.0	0.0	8.70	8.70	4.35	0.0	4.35	4.35	4.35	0.0	0.0	13.04	4.35	4.35	13.04	8.70	17.39	21.74	0.0	4.35	0.0	0.0	0.0	4.35	0.0	17.39	0.0	4.35	0.0	0.0	0.0	34.78	0.0	8.70	8.70
HARLIN	7	7.0	0.0	0.0	0.0	0.0	0.0	0.0	0.0	0.0	0.0	0.0	0.0	0.0	0.0	14.29	0.0	0.0	0.0	0.0	0.0	14.29	0.0	0.0	0.0	0.0	0.0	0.0	14.29	0.0	0.0	0.0	0.0	0.0	0.0	0.0	0.0	28.57	0.0	0.0	0.0	0.0	14.29	0.0	14.29	0.0	0.0	0.0	0.0	0.0	0.0	14.29	0.0	0.0	0.0	0.0	14.29	0.0	0.0	0.0	14.29	0.0	0.0	0.0	14.29	0.0	0.0	0.0	0.0	0.0	14.29	0.0	0.0	0.0	0.0	0.0	14.29	0.0	0.0	0.0
KING PIN	34	34.0	0.0	0.0	0.0	0.0	0.0	0.0	0.0	0.0	0.0	0.0	0.0	0.0	0.0	8.82	2.94	2.94	2.94	0.0	0.0	11.76	2.94	2.94	0.0	0.0	2.94	2.94	17.65	8.82	0.0	0.0	2.94	0.0	0.0	0.0	0.0	58.82	0.0	0.0	0.0	0.0	0.0	11.76	5.88	0.0	0.0	0.0	2.94	0.0	0.0	2.94	0.0	0.0	0.0	0.0	2.94	2.94	2.94	26.47	2.94	14.71	29.41	2.94	5.88	0.0	0.0	2.94	0.0	2.94	26.47	0.0	0.0	2.94	0.0	2.94	17.65	0.0	2.94	11.76
LUPUS	1	1.0	0.0	0.0	0.0	0.0	0.0	0.0	0.0	0.0	0.0	0.0	0.0	0.0	0.0	0.0	0.0	0.0	0.0	0.0	0.0	0.0	0.0	0.0	0.0	0.0	0.0	0.0	0.0	0.0	0.0	0.0	0.0	0.0	0.0	0.0	0.0	100.00	0.0	0.0	0.0	0.0	0.0	0.0	0.0	0.0	0.0	0.0	100.00	0.0	0.0	0.0	0.0	0.0	0.0	0.0	0.0	0.0	0.0	0.0	0.0	0.0	100.00	0.0	0.0	0.0	0.0	0.0	0.0	0.0	0.0	0.0	0.0	0.0	0.0	0.0	0.0	0.0	0.0	0.0
KING PIN	12	12.0	0.0	0.0	0.0	0.0	0.0	0.0	0.0	0.0	0.0	0.0	0.0	0.0	0.0	16.67	0.0	0.0	0.0	0.0	0.0	8.33	0.0	0.0	0.0	0.0	0.0	0.0	16.67	0.0	0.0	0.0	0.0	0.0	0.0	0.0	0.0	75.00	0.0	0.0	0.0	0.0	0.0	8.33	0.0	0.0	0.0	16.67	0.0	0.0	0.0	0.0	0.0	0.0	0.0	0.0	0.0	0.0	0.0	33.33	16.67	0.0	33.33	16.67	0.0	0.0	0.0	0.0	0.0	16.67	25.00	0.0	0.0	0.0	0.0	0.0	0.0	0.0	0.0	8.33
KING PIN	8	8.0	0.0	0.0	0.0	0.0	0.0	0.0	0.0	0.0	0.0	0.0	0.0	0.0	0.0	0.0	0.0	12.50	0.0	0.0	0.0	0.0	0.0	12.50	12.50	12.50	0.0	0.0	0.0	0.0	0.0	0.0	0.0	0.0	12.50	0.0	0.0	62.50	0.0	0.0	0.0	0.0	0.0	12.50	0.0	0.0	0.0	0.0	0.0	0.0	0.0	12.50	0.0	0.0	0.0	0.0	0.0	25.00	0.0	37.50	0.0	25.00	37.50	0.0	25.00	0.0	0.0	12.50	0.0	12.50	25.00	0.0	0.0	0.0	0.0	12.50	37.50	0.0	0.0	12.50
JAKE	1	1.0	0.0	0.0	0.0	0.0	0.0	0.0	0.0	0.0	0.0	0.0	0.0	0.0	0.0	0.0	0.0	0.0	0.0	0.0	0.0	0.0	0.0	0.0	0.0	0.0	100.00	0.0	100.00	0.0	0.0	0.0	0.0	0.0	0.0	0.0	0.0	0.0	0.0	0.0	0.0	0.0	0.0	0.0	0.0	0.0	0.0	0.0	0.0	0.0	0.0	0.0	0.0	0.0	0.0	0.0	0.0	0.0	0.0	0.0	0.0	0.0	0.0	0.0	0.0	0.0	0.0	0.0	0.0	0.0	0.0	0.0	0.0	0.0	0.0	0.0	0.0	0.0	0.0	0.0
KING PIN	16	16.0	6.25	6.25	0.0	0.0	0.0	0.0	0.0	0.0	6.25	0.0	0.0	0.0	0.0	6.25	0.0	0.0	0.0	0.0	0.0	6.25	0.0	6.25	0.0	0.0	0.0	0.0	25.00	0.0	0.0	0.0	0.0	0.0	0.0	0.0	0.0	50.00	0.0	0.0	0.0	0.0	0.0	6.25	12.50	0.0	0.0	6.25	0.0	0.0	0.0	6.25	0.0	0.0	0.0	0.0	0.0	6.25	0.0	12.50	18.75	18.75	12.50	6.25	12.50	0.0	0.0	6.25	0.0	0.0	18.75	6.25	0.0	12.50	0.0	0.0	25.00	0.0	0.0	6.25
KING PIN	20	20.0	0.0	0.0	0.0	0.0	0.0	0.0	0.0	0.0	0.0	0.0	0.0	0.0	0.0	0.0	0.0	5.00	0.0	0.0	0.0	0.0	0.0	5.00	0.0	0.0	5.00	0.0	15.00	5.00	0.0	5.00	0.0	0.0	0.0	0.0	0.0	70.00	0.0	0.0	0.0	0.0	0.0	15.00	0.0	0.0	0.0	5.00	10.00	0.0	0.0	0.0	5.00	0.0	0.0	5.00	0.0	0.0	0.0	20.00	15.00	20.00	30.00	10.00	5.00	0.0	0.0	0.0	0.0	0.0	10.00	0.0	0.0	0.0	0.0	5.00	20.00	0.0	5.00	5.00
KING PIN	40	40.0	0.0	0.0	0.0	0.0	0.0	0.0	0.0	0.0	0.0	0.0	0.0	0.0	0.0	10.00	0.0	2.50	5.00	0.0	0.0	2.50	0.0	15.00	7.50	7.50	2.50	0.0	20.00	2.50	0.0	0.0	5.00	0.0	17.50	0.0	0.0	60.00	0.0	0.0	0.0	0.0	2.50	0.0	2.50	0.0	0.0	5.00	5.00	0.0	0.0	0.0	2.50	0.0	0.0	0.0	2.50	17.50	5.00	22.50	7.50	20.00	27.50	2.50	2.50	0.0	0.0	0.0	0.0	0.0	27.50	0.0	0.0	5.00	15.00	2.50	22.50	0.0	2.50	7.50
BUTCH	12	12.0	0.0	0.0	0.0	0.0	0.0	0.0	0.0	0.0	0.0	0.0	0.0	0.0	0.0	25.00	8.33	0.0	0.0	0.0	0.0	16.67	0.0	16.67	0.0	0.0	0.0	0.0	0.0	0.0	0.0	0.0	0.0	0.0	0.0	0.0	0.0	58.33	0.0	0.0	0.0	0.0	0.0	0.0	0.0	0.0	0.0	0.0	8.33	0.0	0.0	0.0	0.0	0.0	0.0	0.0	0.0	0.0	0.0	8.33	8.33	16.67	16.67	0.0	0.0	0.0	0.0	0.0	0.0	0.0	8.33	0.0	0.0	0.0	0.0	0.0	16.67	0.0	0.0	8.33
JAKE	22	22.0	0.0	0.0	0.0	0.0	0.0	0.0	0.0	0.0	0.0	0.0	0.0	0.0	0.0	9.09	0.0	0.0	0.0	0.0	0.0	9.09	0.0	13.64	4.55	4.55	0.0	0.0	13.64	0.0	0.0	4.55	4.55	0.0	0.0	0.0	0.0	86.36	0.0	0.0	4.55	0.0	0.0	18.18	0.0	0.0	0.0	0.0	9.09	0.0	0.0	0.0	4.55	0.0	0.0	9.09	4.55	4.55	0.0	36.36	18.18	18.18	45.45	4.55	9.09	0.0	0.0	0.0	0.0	0.0	36.36	9.09	0.0	4.55	0.0	0.0	22.73	0.0	0.0	18.18
BUTCH	7	7.0	0.0	0.0	0.0	0.0	0.0	0.0	0.0	0.0	0.0	0.0	0.0	0.0	0.0	0.0	0.0	0.0	0.0	0.0	0.0	0.0	0.0	14.29	0.0	0.0	0.0	0.0	14.29	14.29	0.0	0.0	0.0	0.0	0.0	0.0	0.0	71.43	0.0	0.0	0.0	0.0	0.0	0.0	14.29	0.0	0.0	0.0	28.57	0.0	0.0	0.0	0.0	0.0	0.0	0.0	0.0	0.0	0.0	14.29	0.0	28.57	42.86	0.0	0.0	0.0	0.0	0.0	0.0	0.0	14.29	0.0	0.0	0.0	14.29	0.0	28.57	0.0	0.0	0.0
JAKE	3	3.0	0.0	0.0	0.0	0.0	0.0	0.0	0.0	0.0	0.0	0.0	0.0	0.0	0.0	0.0	0.0	33.33	0.0	0.0	0.0	33.33	0.0	0.0	0.0	0.0	0.0	0.0	33.33	0.0	0.0	0.0	33.33	0.0	0.0	0.0	0.0	66.67	0.0	0.0	0.0	0.0	0.0	0.0	0.0	0.0	0.0	0.0	0.0	0.0	0.0	0.0	0.0	0.0	0.0	0.0	0.0	0.0	0.0	0.0	0.0	0.0	0.0	0.0	0.0	0.0	0.0	0.0	0.0	0.0	0.0	0.0	0.0	0.0	0.0	0.0	0.0	0.0	0.0	0.0
SOBOZINSKI	18	18.0	0.0	0.0	0.0	0.0	0.0	0.0	0.0	0.0	0.0	0.0	0.0	0.0	0.0	0.0	11.11	5.56	16.67	5.56	0.0	5.56	0.0	27.78	0.0	0.0	0.0	0.0	16.67	0.0	0.0	0.0	0.0	0.0	0.0	0.0	0.0	77.78	5.56	0.0	0.0	0.0	0.0	0.0	16.67	0.0	0.0	0.0	22.22	0.0	0.0	0.0	0.0	5.56	0.0	0.0	0.0	0.0	11.11	11.11	11.11	22.22	33.33	0.0	0.0	5.56	0.0	0.0	0.0	0.0	11.11	0.0	5.56	0.0	0.0	0.0	27.78	5.56	0.0	5.56
ROTTOVICH	3	3.0	0.0	0.0	0.0	0.0	0.0	0.0	0.0	0.0	0.0	0.0	0.0	0.0	0.0	0.0	0.0	0.0	0.0	0.0	0.0	0.0	0.0	0.0	0.0	0.0	0.0	0.0	0.0	0.0	0.0	0.0	0.0	0.0	0.0	0.0	0.0	66.67	0.0	0.0	0.0	0.0	0.0	0.0	0.0	0.0	0.0	0.0	33.33	0.0	33.33	0.0	0.0	0.0	0.0	0.0	0.0	0.0	0.0	33.33	0.0	0.0	66.67	0.0	0.0	0.0	0.0	0.0	0.0	0.0	33.33	0.0	0.0	0.0	0.0	0.0	0.0	0.0	0.0	33.33
SOBOZINSKI	2	2.0	0.0	0.0	0.0	0.0	0.0	0.0	0.0	0.0	0.0	0.0	0.0	0.0	0.0	0.0	0.0	0.0	0.0	0.0	0.0	0.0	0.0	0.0	0.0	0.0	0.0	0.0	0.0	0.0	0.0	0.0	0.0	0.0	0.0	0.0	0.0	100.00	0.0	0.0	0.0	0.0	0.0	0.0	0.0	0.0	0.0	0.0	50.00	0.0	0.0	0.0	0.0	0.0	0.0	0.0	0.0	0.0	0.0	0.0	50.00	0.0	50.00	0.0	0.0	0.0	0.0	0.0	0.0	0.0	50.00	0.0	0.0	0.0	0.0	0.0	0.0	0.0	0.0	0.0
ROTTOVICH	36	36.0	0.0	0.0	0.0	0.0	0.0	0.0	0.0	0.0	0.0	0.0	0.0	0.0	0.0	11.11	0.0	5.56	5.56	2.78	0.0	8.33	0.0	16.67	8.33	0.0	2.78	0.0	16.67	5.56	0.0	2.78	2.78	0.0	2.78	0.0	0.0	63.89	2.78	8.33	0.0	0.0	0.0	0.0	2.78	0.0	0.0	2.78	2.78	0.0	2.78	0.0	2.78	2.78	0.0	11.11	0.0	5.56	2.78	5.56	8.33	11.11	8.33	2.78	5.56	0.0	0.0	2.78	0.0	0.0	5.56	5.56	0.0	8.33	0.0	0.0	19.44	2.78	0.0	2.78
SOBOZINSKI	14	14.0	0.0	0.0	0.0	0.0	0.0	0.0	0.0	0.0	0.0	0.0	0.0	0.0	0.0	0.0	0.0	0.0	14.29	7.14	0.0	7.14	0.0	14.29	7.14	7.14	0.0	7.14	35.71	0.0	0.0	0.0	0.0	0.0	0.0	0.0	0.0	64.29	0.0	0.0	0.0	0.0	0.0	0.0	7.14	0.0	0.0	14.29	14.29	0.0	0.0	0.0	7.14	7.14	0.0	0.0	7.14	0.0	7.14	14.29	7.14	14.29	28.57	0.0	14.29	0.0	0.0	0.0	0.0	0.0	14.29	0.0	7.14	7.14	0.0	14.29	21.43	7.14	0.0	7.14
ROTTOVICH	24	24.0	0.0	0.0	0.0	0.0	0.0	0.0	0.0	0.0	0.0	0.0	0.0	0.0	0.0	4.17	4.17	0.0	8.33	0.0	0.0	8.33	0.0	16.67	4.17	0.0	0.0	0.0	12.50	4.17	0.0	4.17	4.17	0.0	0.0	0.0	0.0	66.67	4.17	4.17	0.0	0.0	4.17	0.0	4.17	0.0	0.0	0.0	16.67	0.0	0.0	4.17	0.0	4.17	0.0	0.0	0.0	0.0	4.17	4.17	12.50	12.50	20.83	8.33	8.33	0.0	4.17	0.0	0.0	4.17	8.33	4.17	0.0	8.33	0.0	0.0	20.83	0.0	8.33	0.0
SOBOZINSKI	24	24.0	0.0	0.0	0.0	0.0	0.0	0.0	0.0	0.0	0.0	0.0	0.0	0.0	0.0	25.00	0.0	8.33	16.67	12.50	0.0	0.0	0.0	8.33	8.33	0.0	0.0	4.17	16.67	4.17	4.17	4.17	4.17	0.0	4.17	0.0	0.0	66.67	0.0	4.17	0.0	0.0	0.0	4.17	0.0	0.0	4.17	0.0	16.67	0.0	4.17	0.0	4.17	12.50	0.0	16.67	0.0	4.17	4.17	8.33	4.17	12.50	25.00	4.17	8.33	0.0	0.0	0.0	4.17	0.0	4.17	4.17	8.33	4.17	4.17	4.17	12.50	0.0	0.0	0.0
ROTTOVICH	24	24.0	0.0	0.0	0.0	0.0	0.0	0.0	0.0	0.0	0.0	0.0	0.0	0.0	0.0	20.83	0.0	0.0	0.0	0.0	0.0	8.33	0.0	20.83	8.33	4.17	0.0	0.0	4.17	0.0	0.0	0.0	4.17	0.0	0.0	0.0	0.0	62.50	0.0	4.17	0.0	0.0	0.0	16.67	0.0	0.0	0.0	0.0	16.67	0.0	0.0	0.0	8.33	0.0	0.0	0.0	4.17	0.0	0.0	20.83	4.17	16.67	37.50	0.0	8.33	0.0	0.0	0.0	0.0	0.0	8.33	0.0	0.0	0.0	4.17	8.33	20.83	0.0	0.0	0.0
ROTTOVICH	29	29.0	0.0	0.0	0.0	0.0	0.0	0.0	0.0	0.0	0.0	0.0	0.0	0.0	0.0	17.24	0.0	0.0	10.34	10.34	0.0	13.79	0.0	10.34	10.34	6.90	3.45	0.0	6.90	3.45	0.0	0.0	0.0	3.45	0.0	0.0	0.0	58.62	0.0	0.0	0.0	0.0	0.0	6.90	0.0	0.0	0.0	0.0	10.34	0.0	0.0	0.0	0.0	10.34	0.0	3.45	6.90	0.0	0.0	6.90	17.24	6.90	17.24	0.0	6.90	0.0	0.0	0.0	3.45	0.0	6.90	6.90	10.34	0.0	0.0	0.0	13.79	0.0	3.45	0.0
SOBOZINSKI	5	5.0	0.0	0.0	0.0	0.0	0.0	0.0	0.0	0.0	0.0	0.0	0.0	0.0	0.0	0.0	0.0	20.00	0.0	0.0	0.0	0.0	0.0	20.00	0.0	0.0	0.0	0.0	0.0	0.0	0.0	0.0	0.0	0.0	0.0	0.0	0.0	60.00	0.0	0.0	0.0	0.0	0.0	0.0	0.0	0.0	0.0	0.0	0.0	0.0	0.0	0.0	0.0	0.0	0.0	0.0	0.0	0.0	0.0	20.00	0.0	20.00	20.00	0.0	0.0	0.0	0.0	0.0	0.0	20.00	20.00	0.0	0.0	0.0	0.0	0.0	20.00	0.0	0.0	0.0
MOONAN	5	5.0	0.0	0.0	0.0	0.0	0.0	0.0	0.0	0.0	0.0	0.0	0.0	0.0	0.0	40.00	0.0	0.0	0.0	0.0	0.0	20.00	0.0	0.0	0.0	0.0	0.0	0.0	20.00	0.0	0.0	0.0	0.0	0.0	20.00	0.0	0.0	40.00	0.0	0.0	0.0	0.0	0.0	0.0	0.0	0.0	0.0	20.00	0.0	0.0	20.00	0.0	0.0	0.0	0.0	0.0	0.0	20.00	0.0	0.0	20.00	0.0	0.0	0.0	0.0	20.00	0.0	0.0	0.0	0.0	20.00	0.0	0.0	0.0	0.0	0.0	0.0	0.0	0.0	0.0
SOBOZINSKI	5	5.0	0.0	0.0	0.0	0.0	0.0	0.0	0.0	0.0	0.0	0.0	0.0	0.0	0.0	0.0	0.0	0.0	0.0	0.0	0.0	0.0	0.0	20.00	0.0	0.0	0.0	0.0	40.00	0.0	0.0	0.0	0.0	0.0	0.0	0.0	0.0	80.00	0.0	0.0	0.0	0.0	0.0	0.0	20.00	0.0	0.0	20.00	20.00	0.0	0.0	0.0	0.0	0.0	0.0	0.0	0.0	0.0	0.0	40.00	0.0	40.00	60.00	0.0	0.0	0.0	0.0	0.0	0.0	0.0	60.00	0.0	0.0	0.0	0.0	0.0	40.00	20.00	0.0	20.00
KID	2	2.0	0.0	0.0	0.0	0.0	0.0	0.0	0.0	0.0	0.0	0.0	0.0	0.0	0.0	0.0	0.0	0.0	0.0	0.0	0.0	50.00	0.0	0.0	0.0	0.0	0.0	0.0	0.0	0.0	0.0	0.0	0.0	0.0	0.0	0.0	0.0	50.00	0.0	0.0	0.0	0.0	0.0	0.0	0.0	0.0	0.0	0.0	0.0	0.0	0.0	0.0	0.0	0.0	0.0	0.0	0.0	0.0	0.0	0.0	0.0	0.0	0.0	0.0	0.0	0.0	0.0	0.0	0.0	0.0	0.0	0.0	0.0	0.0	0.0	0.0	0.0	0.0	0.0	0.0
ROTTOVICH	8	8.0	0.0	12.50	0.0	0.0	0.0	0.0	0.0	0.0	0.0	0.0	0.0	0.0	0.0	0.0	0.0	0.0	0.0	0.0	0.0	12.50	0.0	12.50	0.0	0.0	0.0	0.0	12.50	0.0	0.0	0.0	0.0	0.0	0.0	0.0	0.0	75.00	0.0	0.0	0.0	0.0	0.0	0.0	12.50	0.0	0.0	0.0	25.00	0.0	0.0	0.0	0.0	0.0	0.0	0.0	0.0	0.0	0.0	25.00	12.50	25.00	50.00	0.0	25.00	0.0	0.0	0.0	0.0	0.0	25.00	25.00	0.0	0.0	0.0	0.0	25.00	25.00	0.0	0.0
ROTTOVICH	12	12.0	0.0	0.0	0.0	0.0	0.0	0.0	0.0	0.0	0.0	0.0	0.0	0.0	0.0	8.33	0.0	0.0	8.33	0.0	0.0	8.33	8.33	8.33	8.33	8.33	0.0	0.0	0.0	0.0	0.0	0.0	0.0	0.0	8.33	0.0	0.0	50.00	0.0	0.0	0.0	0.0	0.0	0.0	0.0	0.0	0.0	0.0	8.33	0.0	0.0	8.33	0.0	0.0	0.0	0.0	8.33	8.33	8.33	16.67	8.33	8.33	25.00	0.0	16.67	0.0	0.0	0.0	0.0	0.0	16.67	8.33	0.0	0.0	0.0	0.0	16.67	0.0	0.0	16.67
KID	4	4.0	0.0	0.0	0.0	0.0	0.0	0.0	0.0	0.0	0.0	0.0	0.0	0.0	0.0	25.00	0.0	0.0	0.0	0.0	0.0	0.0	0.0	0.0	0.0	0.0	0.0	0.0	25.00	0.0	0.0	0.0	25.00	0.0	0.0	0.0	0.0	75.00	0.0	0.0	0.0	0.0	0.0	25.00	0.0	0.0	0.0	0.0	25.00	0.0	0.0	0.0	0.0	0.0	0.0	0.0	0.0	0.0	0.0	25.00	25.00	0.0	50.00	0.0	0.0	0.0	0.0	0.0	0.0	0.0	0.0	0.0	0.0	25.00	0.0	0.0	0.0	0.0	0.0	0.0
ROTTOVICH	21	21.0	0.0	0.0	0.0	0.0	0.0	0.0	0.0	0.0	0.0	0.0	0.0	0.0	0.0	0.0	0.0	9.52	4.76	0.0	0.0	0.0	0.0	14.29	4.76	0.0	4.76	0.0	14.29	0.0	0.0	0.0	0.0	0.0	0.0	0.0	0.0	71.43	0.0	4.76	0.0	0.0	0.0	4.76	9.52	0.0	0.0	0.0	0.0	0.0	0.0	9.52	0.0	0.0	4.76	0.0	4.76	4.76	4.76	33.33	19.05	28.57	33.33	0.0	14.29	0.0	0.0	4.76	0.0	4.76	28.57	4.76	0.0	0.0	4.76	0.0	33.33	9.52	0.0	9.52
KID	7	7.0	0.0	0.0	0.0	0.0	0.0	0.0	0.0	0.0	0.0	0.0	0.0	0.0	0.0	0.0	0.0	0.0	14.29	14.29	0.0	0.0	0.0	28.57	0.0	0.0	0.0	0.0	0.0	0.0	0.0	0.0	0.0	0.0	0.0	0.0	0.0	57.14	0.0	0.0	0.0	0.0	0.0	14.29	0.0	0.0	0.0	0.0	0.0	0.0	0.0	14.29	0.0	14.29	0.0	0.0	0.0	0.0	0.0	14.29	14.29	14.29	14.29	0.0	14.29	0.0	0.0	0.0	0.0	0.0	0.0	0.0	0.0	0.0	0.0	0.0	28.57	0.0	0.0	0.0
ROTTOVICH	5	5.0	0.0	0.0	0.0	0.0	0.0	0.0	0.0	0.0	0.0	0.0	0.0	0.0	0.0	0.0	0.0	0.0	0.0	0.0	0.0	40.00	0.0	0.0	0.0	0.0	0.0	0.0	0.0	0.0	0.0	0.0	0.0	0.0	0.0	0.0	0.0	60.00	0.0	0.0	0.0	0.0	20.00	0.0	0.0	0.0	0.0	0.0	0.0	0.0	0.0	0.0	0.0	0.0	0.0	20.00	0.0	0.0	0.0	0.0	0.0	20.00	0.0	0.0	0.0	0.0	0.0	0.0	0.0	0.0	40.00	0.0	0.0	0.0	0.0	0.0	20.00	0.0	0.0	0.0
SOBOZINSKI	10	10.0	0.0	0.0	0.0	0.0	0.0	0.0	0.0	0.0	0.0	0.0	0.0	0.0	0.0	20.00	0.0	0.0	0.0	0.0	0.0	20.00	0.0	10.00	0.0	0.0	0.0	10.00	10.00	0.0	0.0	0.0	0.0	0.0	0.0	0.0	0.0	70.00	0.0	0.0	0.0	0.0	0.0	0.0	0.0	0.0	0.0	0.0	30.00	0.0	0.0	10.00	0.0	0.0	0.0	0.0	0.0	0.0	0.0	0.0	20.00	20.00	30.00	0.0	30.00	0.0	0.0	0.0	0.0	0.0	10.00	20.00	0.0	0.0	0.0	0.0	20.00	0.0	0.0	0.0
BUTCH	4	4.0	0.0	0.0	0.0	0.0	0.0	0.0	0.0	0.0	0.0	0.0	0.0	0.0	0.0	25.00	0.0	0.0	25.00	0.0	0.0	25.00	0.0	0.0	0.0	0.0	0.0	0.0	25.00	0.0	0.0	0.0	0.0	0.0	0.0	0.0	0.0	25.00	0.0	0.0	0.0	0.0	0.0	0.0	0.0	0.0	25.00	0.0	0.0	0.0	0.0	0.0	0.0	0.0	0.0	0.0	0.0	0.0	25.00	0.0	0.0	0.0	0.0	0.0	0.0	0.0	0.0	0.0	0.0	0.0	0.0	0.0	0.0	0.0	0.0	0.0	0.0	0.0	0.0	0.0
JAKE	10	10.0	0.0	0.0	0.0	0.0	0.0	0.0	0.0	0.0	0.0	0.0	0.0	0.0	0.0	10.00	0.0	10.00	0.0	0.0	0.0	10.00	0.0	10.00	0.0	0.0	10.00	10.00	30.00	10.00	0.0	0.0	0.0	0.0	0.0	0.0	0.0	60.00	0.0	0.0	0.0	0.0	0.0	0.0	0.0	0.0	0.0	10.00	0.0	0.0	0.0	0.0	10.00	0.0	0.0	0.0	0.0	0.0	0.0	20.00	0.0	30.00	20.00	0.0	20.00	0.0	0.0	0.0	0.0	0.0	20.00	0.0	0.0	0.0	0.0	20.00	30.00	0.0	0.0	20.00
BUTCH	11	11.0	0.0	0.0	0.0	0.0	0.0	0.0	0.0	0.0	0.0	0.0	0.0	0.0	0.0	0.0	0.0	9.09	0.0	0.0	0.0	0.0	0.0	0.0	0.0	0.0	9.09	0.0	36.36	9.09	0.0	9.09	0.0	0.0	0.0	0.0	0.0	36.36	0.0	0.0	0.0	0.0	0.0	9.09	0.0	0.0	9.09	9.09	0.0	0.0	0.0	9.09	0.0	0.0	0.0	0.0	9.09	0.0	0.0	18.18	9.09	27.27	18.18	0.0	9.09	0.0	0.0	0.0	0.0	0.0	9.09	0.0	0.0	0.0	0.0	0.0	36.36	0.0	0.0	9.09
JAKE	11	11.0	0.0	0.0	0.0	0.0	0.0	0.0	0.0	0.0	0.0	0.0	0.0	0.0	0.0	0.0	0.0	18.18	9.09	0.0	0.0	9.09	0.0	0.0	0.0	0.0	9.09	0.0	27.27	18.18	0.0	9.09	0.0	0.0	0.0	0.0	0.0	54.55	0.0	0.0	0.0	0.0	0.0	0.0	0.0	0.0	0.0	9.09	0.0	9.09	0.0	0.0	0.0	0.0	0.0	0.0	0.0	0.0	9.09	9.09	18.18	18.18	9.09	0.0	9.09	0.0	0.0	0.0	0.0	0.0	9.09	9.09	0.0	0.0	0.0	0.0	18.18	0.0	0.0	9.09
BUTCH	17	17.0	0.0	0.0	0.0	0.0	0.0	0.0	0.0	0.0	0.0	0.0	0.0	0.0	0.0	0.0	0.0	5.88	5.88	0.0	0.0	5.88	0.0	5.88	0.0	0.0	5.88	0.0	29.41	5.88	0.0	5.88	5.88	0.0	0.0	0.0	0.0	58.82	5.88	0.0	5.88	0.0	0.0	5.88	0.0	0.0	0.0	5.88	5.88	5.88	0.0	0.0	5.88	0.0	0.0	0.0	0.0	5.88	5.88	11.76	17.65	11.76	17.65	0.0	11.76	0.0	0.0	0.0	0.0	0.0	11.76	11.76	0.0	5.88	0.0	0.0	17.65	0.0	0.0	5.88
JAKE	21	21.0	0.0	0.0	0.0	0.0	0.0	0.0	0.0	0.0	0.0	0.0	0.0	0.0	0.0	0.0	4.76	9.52	4.76	0.0	0.0	14.29	0.0	9.52	0.0	0.0	0.0	0.0	4.76	9.52	0.0	0.0	0.0	0.0	0.0	0.0	0.0	76.19	0.0	0.0	0.0	0.0	4.76	0.0	0.0	0.0	0.0	4.76	9.52	0.0	0.0	0.0	0.0	0.0	0.0	4.76	0.0	0.0	4.76	19.05	19.05	4.76	28.57	0.0	9.52	0.0	0.0	0.0	0.0	0.0	28.57	4.76	0.0	0.0	4.76	4.76	9.52	0.0	0.0	14.29
JAKE	14	14.0	0.0	0.0	0.0	0.0	0.0	0.0	0.0	0.0	0.0	0.0	0.0	0.0	0.0	7.14	0.0	0.0	0.0	0.0	0.0	0.0	0.0	7.14	0.0	0.0	0.0	7.14	28.57	7.14	0.0	0.0	7.14	0.0	0.0	0.0	0.0	71.43	0.0	0.0	0.0	0.0	0.0	0.0	7.14	0.0	0.0	0.0	0.0	0.0	14.29	7.14	0.0	0.0	0.0	7.14	0.0	0.0	0.0	14.29	14.29	14.29	14.29	21.43	14.29	0.0	0.0	0.0	0.0	0.0	14.29	0.0	0.0	14.29	14.29	0.0	14.29	0.0	0.0	0.0
JAKE	49	49.0	2.04	0.0	0.0	0.0	2.04	0.0	0.0	0.0	0.0	0.0	0.0	0.0	0.0	2.04	0.0	16.33	8.16	2.04	0.0	6.12	0.0	14.29	4.08	4.08	2.04	2.04	16.33	6.12	0.0	0.0	4.08	0.0	0.0	0.0	0.0	71.43	4.08	2.04	2.04	0.0	2.04	6.12	2.04	0.0	0.0	2.04	16.33	4.08	0.0	0.0	4.08	4.08	0.0	0.0	0.0	2.04	4.08	12.24	6.12	12.24	28.57	4.08	12.24	0.0	0.0	0.0	0.0	0.0	10.20	6.12	0.0	2.04	0.0	6.12	16.33	0.0	0.0	6.12
JAKE	49	49.0	2.04	2.04	0.0	0.0	2.04	0.0	0.0	0.0	0.0	0.0	0.0	6.12	0.0	14.29	0.0	6.12	4.08	0.0	0.0	12.24	0.0	6.12	2.04	0.0	2.04	0.0	10.20	2.04	0.0	0.0	4.08	0.0	2.04	0.0	2.04	51.02	0.0	0.0	0.0	2.04	0.0	2.04	2.04	0.0	0.0	2.04	6.12	4.08	0.0	2.04	0.0	0.0	0.0	2.04	10.20	4.08	4.08	8.16	10.20	4.08	14.29	0.0	14.29	0.0	0.0	2.04	2.04	0.0	10.20	10.20	0.0	0.0	0.0	2.04	14.29	0.0	4.08	6.12
JAKE	14	14.0	0.0	0.0	0.0	0.0	0.0	0.0	0.0	0.0	0.0	0.0	0.0	0.0	0.0	14.29	0.0	0.0	7.14	0.0	0.0	0.0	0.0	7.14	0.0	0.0	0.0	0.0	14.29	0.0	0.0	0.0	0.0	0.0	0.0	0.0	7.14	78.57	0.0	0.0	0.0	0.0	0.0	14.29	7.14	0.0	0.0	7.14	14.29	0.0	0.0	0.0	0.0	0.0	0.0	14.29	0.0	0.0	7.14	35.71	14.29	21.43	50.00	0.0	21.43	0.0	0.0	0.0	0.0	0.0	28.57	14.29	0.0	0.0	0.0	7.14	21.43	14.29	0.0	7.14
JAKE	7	7.0	0.0	0.0	0.0	0.0	0.0	0.0	0.0	0.0	0.0	0.0	0.0	0.0	0.0	0.0	14.29	0.0	28.57	0.0	0.0	14.29	0.0	14.29	0.0	0.0	0.0	0.0	0.0	0.0	0.0	0.0	0.0	0.0	0.0	0.0	14.29	85.71	0.0	0.0	0.0	0.0	0.0	28.57	0.0	0.0	0.0	0.0	0.0	0.0	0.0	0.0	0.0	0.0	0.0	0.0	0.0	0.0	28.57	42.86	14.29	14.29	42.86	14.29	28.57	0.0	0.0	0.0	0.0	0.0	28.57	14.29	0.0	0.0	0.0	14.29	14.29	0.0	0.0	14.29
JAKE	22	22.0	0.0	0.0	0.0	0.0	0.0	0.0	0.0	0.0	0.0	0.0	0.0	0.0	0.0	4.55	0.0	4.55	0.0	0.0	0.0	9.09	0.0	18.18	0.0	0.0	0.0	0.0	13.64	9.09	0.0	0.0	0.0	9.09	0.0	0.0	0.0	81.82	4.55	0.0	0.0	0.0	0.0	9.09	9.09	0.0	0.0	0.0	9.09	0.0	0.0	0.0	0.0	0.0	0.0	0.0	0.0	0.0	0.0	27.27	9.09	13.64	36.36	4.55	18.18	0.0	0.0	0.0	0.0	0.0	31.82	4.55	0.0	0.0	0.0	13.64	22.73	0.0	0.0	18.18
JAKE	4	4.0	0.0	0.0	0.0	0.0	0.0	0.0	0.0	0.0	0.0	0.0	0.0	0.0	0.0	25.00	25.00	0.0	25.00	0.0	0.0	0.0	0.0	25.00	0.0	0.0	0.0	25.00	25.00	0.0	0.0	0.0	0.0	0.0	0.0	0.0	0.0	75.00	0.0	0.0	0.0	0.0	0.0	25.00	0.0	0.0	0.0	0.0	0.0	0.0	0.0	0.0	0.0	0.0	0.0	0.0	0.0	0.0	25.00	50.00	0.0	25.00	50.00	0.0	0.0	0.0	0.0	0.0	0.0	0.0	25.00	0.0	0.0	0.0	0.0	0.0	25.00	0.0	0.0	25.00
JAKE	35	35.0	2.86	0.0	0.0	0.0	2.86	0.0	0.0	0.0	0.0	0.0	0.0	2.86	0.0	2.86	0.0	11.43	5.71	0.0	0.0	11.43	0.0	8.57	0.0	0.0	5.71	0.0	14.29	8.57	0.0	0.0	0.0	0.0	0.0	0.0	0.0	68.57	0.0	0.0	0.0	0.0	2.86	2.86	5.71	0.0	0.0	0.0	14.29	2.86	2.86	5.71	2.86	2.86	0.0	2.86	0.0	0.0	2.86	14.29	8.57	20.00	28.57	0.0	8.57	0.0	2.86	0.0	0.0	0.0	31.43	0.0	0.0	0.0	0.0	2.86	20.00	5.71	0.0	5.71
JAKE	38	38.0	0.0	0.0	0.0	0.0	0.0	0.0	0.0	0.0	0.0	0.0	0.0	2.63	0.0	5.26	0.0	10.53	2.63	0.0	2.63	26.32	0.0	2.63	2.63	0.0	0.0	0.0	26.32	7.89	0.0	0.0	5.26	0.0	0.0	0.0	0.0	68.42	0.0	0.0	0.0	0.0	0.0	2.63	13.16	2.63	0.0	5.26	0.0	0.0	0.0	2.63	0.0	2.63	0.0	2.63	0.0	2.63	0.0	15.79	5.26	10.53	15.79	2.63	15.79	0.0	0.0	0.0	0.0	0.0	15.79	10.53	0.0	2.63	0.0	2.63	10.53	5.26	2.63	7.89
JAKE	16	16.0	0.0	0.0	0.0	0.0	0.0	0.0	0.0	0.0	0.0	0.0	0.0	0.0	0.0	0.0	0.0	12.50	6.25	0.0	0.0	0.0	6.25	6.25	0.0	0.0	6.25	0.0	18.75	6.25	0.0	0.0	6.25	0.0	0.0	0.0	0.0	81.25	0.0	0.0	0.0	0.0	0.0	6.25	6.25	0.0	0.0	0.0	12.50	0.0	0.0	0.0	0.0	0.0	0.0	0.0	0.0	0.0	6.25	25.00	12.50	12.50	37.50	12.50	12.50	0.0	0.0	0.0	0.0	0.0	25.00	6.25	0.0	0.0	0.0	6.25	12.50	6.25	0.0	12.50
JAKE	33	33.0	0.0	0.0	0.0	0.0	0.0	0.0	0.0	0.0	0.0	0.0	0.0	6.06	0.0	0.0	0.0	3.03	0.0	0.0	0.0	12.12	0.0	6.06	0.0	0.0	0.0	0.0	6.06	9.09	0.0	0.0	0.0	0.0	0.0	0.0	0.0	75.76	0.0	0.0	0.0	0.0	0.0	6.06	3.03	0.0	0.0	0.0	6.06	0.0	0.0	9.09	0.0	0.0	0.0	0.0	3.03	0.0	0.0	21.21	21.21	9.09	27.27	9.09	30.30	0.0	0.0	0.0	0.0	0.0	15.15	18.18	0.0	3.03	0.0	3.03	12.12	0.0	0.0	15.15
JAKE	48	48.0	0.0	0.0	0.0	0.0	0.0	0.0	0.0	0.0	0.0	0.0	0.0	0.0	0.0	8.33	0.0	0.0	4.17	0.0	0.0	12.50	0.0	6.25	0.0	0.0	0.0	0.0	10.42	8.33	0.0	4.17	2.08	0.0	0.0	0.0	0.0	58.33	0.0	0.0	0.0	0.0	0.0	0.0	4.17	0.0	0.0	0.0	10.42	4.17	6.25	0.0	4.17	2.08	0.0	2.08	4.17	2.08	2.08	8.33	10.42	12.50	18.75	2.08	8.33	0.0	2.08	2.08	0.0	0.0	10.42	6.25	0.0	2.08	0.0	2.08	16.67	2.08	4.17	6.25
JAKE	3	3.0	0.0	0.0	0.0	0.0	0.0	0.0	0.0	0.0	0.0	0.0	0.0	0.0	0.0	33.33	0.0	0.0	0.0	0.0	0.0	0.0	0.0	33.33	0.0	0.0	0.0	0.0	33.33	33.33	0.0	0.0	0.0	0.0	0.0	0.0	0.0	100.00	0.0	0.0	0.0	0.0	0.0	0.0	0.0	0.0	0.0	0.0	33.33	0.0	0.0	0.0	0.0	0.0	0.0	0.0	0.0	0.0	0.0	0.0	0.0	33.33	33.33	0.0	33.33	0.0	0.0	0.0	0.0	0.0	33.33	0.0	0.0	33.33	0.0	33.33	33.33	0.0	0.0	0.0
JAKE	38	38.0	0.0	0.0	0.0	0.0	0.0	0.0	0.0	0.0	0.0	0.0	0.0	0.0	0.0	18.42	2.63	5.26	5.26	0.0	0.0	13.16	0.0	7.89	0.0	0.0	0.0	5.26	15.79	0.0	0.0	0.0	2.63	0.0	0.0	0.0	0.0	63.16	0.0	0.0	2.63	0.0	0.0	0.0	0.0	0.0	0.0	5.26	18.42	5.26	0.0	2.63	0.0	0.0	0.0	0.0	2.63	2.63	5.26	5.26	13.16	13.16	23.68	5.26	10.53	0.0	0.0	0.0	0.0	0.0	15.79	5.26	0.0	2.63	2.63	2.63	15.79	0.0	0.0	2.63
GORDO	6	6.0	0.0	0.0	0.0	0.0	0.0	0.0	0.0	0.0	0.0	0.0	0.0	0.0	0.0	16.67	0.0	0.0	0.0	0.0	0.0	16.67	16.67	33.33	0.0	0.0	0.0	0.0	0.0	0.0	0.0	0.0	0.0	0.0	0.0	0.0	0.0	66.67	0.0	0.0	0.0	0.0	16.67	33.33	0.0	0.0	0.0	0.0	0.0	0.0	0.0	0.0	0.0	0.0	0.0	0.0	16.67	0.0	0.0	33.33	0.0	16.67	33.33	0.0	0.0	0.0	0.0	0.0	0.0	0.0	16.67	0.0	0.0	0.0	0.0	0.0	33.33	0.0	0.0	0.0
BIG AL	6	6.0	0.0	0.0	0.0	0.0	0.0	0.0	0.0	0.0	0.0	0.0	0.0	0.0	0.0	0.0	0.0	0.0	33.33	16.67	0.0	0.0	0.0	16.67	0.0	0.0	0.0	0.0	0.0	0.0	16.67	0.0	0.0	0.0	0.0	0.0	0.0	50.00	0.0	0.0	0.0	0.0	0.0	16.67	0.0	0.0	0.0	0.0	0.0	0.0	0.0	0.0	33.33	16.67	0.0	0.0	0.0	0.0	16.67	16.67	0.0	16.67	16.67	0.0	0.0	16.67	0.0	0.0	0.0	0.0	0.0	0.0	0.0	0.0	0.0	0.0	16.67	0.0	0.0	0.0
MILES	23	23.0	0.0	0.0	0.0	0.0	0.0	0.0	0.0	0.0	0.0	0.0	0.0	0.0	0.0	17.39	8.70	8.70	4.35	0.0	0.0	4.35	0.0	17.39	0.0	0.0	8.70	0.0	26.09	0.0	0.0	0.0	4.35	0.0	0.0	0.0	0.0	65.22	4.35	0.0	0.0	0.0	0.0	13.04	4.35	0.0	0.0	8.70	4.35	0.0	0.0	0.0	4.35	0.0	0.0	4.35	0.0	0.0	4.35	17.39	4.35	13.04	21.74	4.35	4.35	0.0	0.0	0.0	0.0	0.0	4.35	0.0	0.0	4.35	0.0	4.35	21.74	0.0	8.70	4.35
JAKE	26	26.0	0.0	0.0	0.0	0.0	0.0	0.0	0.0	0.0	0.0	0.0	0.0	0.0	0.0	23.08	3.85	7.69	0.0	0.0	0.0	11.54	0.0	11.54	3.85	3.85	3.85	3.85	23.08	3.85	0.0	0.0	7.69	0.0	0.0	0.0	0.0	73.08	0.0	0.0	0.0	3.85	0.0	0.0	3.85	0.0	3.85	3.85	3.85	0.0	0.0	3.85	0.0	0.0	0.0	0.0	11.54	0.0	0.0	19.23	19.23	7.69	23.08	0.0	23.08	0.0	0.0	0.0	0.0	0.0	23.08	15.38	0.0	3.85	0.0	3.85	19.23	0.0	0.0	19.23
JAKE	19	19.0	0.0	0.0	0.0	0.0	0.0	0.0	0.0	0.0	0.0	0.0	0.0	0.0	0.0	15.79	0.0	5.26	15.79	5.26	5.26	5.26	0.0	10.53	0.0	0.0	0.0	5.26	21.05	0.0	0.0	5.26	0.0	0.0	0.0	0.0	0.0	52.63	5.26	0.0	0.0	5.26	0.0	0.0	5.26	0.0	5.26	0.0	5.26	5.26	5.26	5.26	0.0	10.53	0.0	0.0	5.26	0.0	5.26	10.53	15.79	0.0	15.79	0.0	15.79	0.0	0.0	0.0	0.0	0.0	10.53	5.26	0.0	0.0	0.0	5.26	15.79	0.0	0.0	10.53
DOLBY	4	4.0	0.0	0.0	0.0	0.0	0.0	0.0	0.0	0.0	0.0	0.0	0.0	0.0	0.0	0.0	0.0	25.00	0.0	0.0	0.0	25.00	0.0	0.0	0.0	0.0	0.0	0.0	0.0	0.0	0.0	0.0	0.0	0.0	0.0	0.0	0.0	75.00	0.0	0.0	0.0	0.0	0.0	0.0	0.0	0.0	0.0	0.0	25.00	0.0	25.00	0.0	0.0	0.0	0.0	0.0	0.0	0.0	0.0	0.0	25.00	0.0	25.00	0.0	0.0	0.0	0.0	0.0	0.0	0.0	0.0	0.0	0.0	0.0	0.0	0.0	0.0	0.0	0.0	0.0
JAKE	62	62.0	0.0	0.0	0.0	0.0	0.0	0.0	0.0	0.0	0.0	0.0	0.0	1.61	0.0	8.06	0.0	14.52	3.23	1.61	0.0	9.68	0.0	8.06	6.45	1.61	1.61	9.68	22.58	4.84	0.0	1.61	0.0	0.0	0.0	0.0	0.0	64.52	1.61	3.23	0.0	0.0	3.23	0.0	6.45	1.61	1.61	1.61	4.84	0.0	1.61	0.0	1.61	1.61	0.0	0.0	0.0	1.61	1.61	16.13	8.06	17.74	20.97	3.23	17.74	0.0	0.0	1.61	1.61	0.0	20.97	6.45	1.61	0.0	0.0	11.29	19.35	8.06	0.0	8.06
JAKE	7	7.0	0.0	0.0	0.0	0.0	0.0	0.0	0.0	0.0	0.0	0.0	0.0	14.29	0.0	0.0	0.0	0.0	0.0	0.0	0.0	14.29	0.0	14.29	0.0	0.0	14.29	0.0	42.86	14.29	0.0	14.29	0.0	0.0	0.0	0.0	0.0	71.43	0.0	0.0	0.0	0.0	0.0	0.0	14.29	0.0	0.0	0.0	28.57	0.0	0.0	0.0	0.0	0.0	0.0	0.0	0.0	0.0	0.0	14.29	0.0	28.57	42.86	0.0	0.0	0.0	0.0	0.0	0.0	0.0	14.29	0.0	0.0	0.0	0.0	0.0	28.57	0.0	0.0	14.29
JAKE	6	6.0	0.0	0.0	0.0	0.0	0.0	0.0	0.0	0.0	0.0	0.0	0.0	0.0	0.0	16.67	0.0	0.0	0.0	0.0	0.0	16.67	0.0	0.0	0.0	0.0	0.0	0.0	0.0	0.0	0.0	0.0	0.0	0.0	0.0	0.0	0.0	16.67	0.0	0.0	0.0	0.0	0.0	0.0	0.0	0.0	0.0	0.0	0.0	0.0	0.0	0.0	0.0	0.0	0.0	0.0	0.0	0.0	0.0	0.0	0.0	0.0	0.0	0.0	16.67	0.0	0.0	0.0	0.0	0.0	0.0	0.0	0.0	0.0	0.0	16.67	0.0	0.0	33.33	0.0
BUTCH	5	5.0	0.0	0.0	0.0	0.0	0.0	0.0	0.0	0.0	0.0	0.0	0.0	0.0	0.0	0.0	0.0	40.00	0.0	0.0	0.0	0.0	0.0	0.0	0.0	0.0	20.00	0.0	20.00	40.00	0.0	0.0	0.0	0.0	0.0	0.0	0.0	60.00	0.0	0.0	0.0	0.0	0.0	0.0	0.0	0.0	0.0	0.0	0.0	0.0	0.0	20.00	0.0	0.0	0.0	0.0	20.00	0.0	0.0	20.00	0.0	20.00	20.00	0.0	20.00	0.0	0.0	0.0	0.0	0.0	20.00	0.0	0.0	0.0	0.0	0.0	40.00	0.0	0.0	20.00
JAKE	25	25.0	0.0	0.0	0.0	0.0	0.0	0.0	0.0	0.0	0.0	0.0	0.0	0.0	0.0	12.00	0.0	4.00	0.0	0.0	0.0	8.00	0.0	0.0	0.0	0.0	4.00	0.0	24.00	4.00	0.0	0.0	4.00	0.0	0.0	0.0	0.0	44.00	0.0	0.0	4.00	0.0	0.0	0.0	0.0	0.0	0.0	4.00	12.00	0.0	0.0	4.00	0.0	0.0	0.0	0.0	4.00	4.00	0.0	0.0	12.00	8.00	12.00	4.00	36.00	0.0	0.0	0.0	0.0	0.0	16.00	12.00	0.0	20.00	0.0	20.00	12.00	0.0	0.0	0.0
JAKE	5	5.0	0.0	0.0	0.0	0.0	0.0	0.0	0.0	0.0	0.0	0.0	0.0	0.0	0.0	20.00	40.00	0.0	0.0	0.0	0.0	20.00	0.0	0.0	0.0	0.0	0.0	0.0	20.00	0.0	0.0	0.0	0.0	0.0	0.0	0.0	0.0	80.00	0.0	0.0	0.0	0.0	0.0	0.0	20.00	0.0	0.0	0.0	0.0	0.0	0.0	0.0	0.0	0.0	0.0	0.0	0.0	0.0	0.0	40.00	20.00	20.00	40.00	0.0	0.0	0.0	0.0	0.0	0.0	0.0	40.00	0.0	0.0	0.0	0.0	0.0	20.00	40.00	20.00	0.0
MILES	6	6.0	0.0	0.0	0.0	0.0	0.0	0.0	0.0	0.0	0.0	0.0	0.0	0.0	0.0	0.0	0.0	0.0	0.0	0.0	0.0	33.33	0.0	0.0	0.0	0.0	0.0	0.0	16.67	0.0	0.0	0.0	0.0	0.0	0.0	0.0	0.0	66.67	0.0	0.0	0.0	0.0	0.0	0.0	0.0	0.0	16.67	0.0	16.67	0.0	0.0	0.0	0.0	0.0	0.0	16.67	0.0	0.0	0.0	0.0	0.0	33.33	16.67	0.0	0.0	0.0	0.0	0.0	0.0	0.0	33.33	0.0	0.0	0.0	0.0	0.0	33.33	0.0	0.0	0.0
LUPUS	14	14.0	0.0	0.0	0.0	0.0	0.0	0.0	0.0	0.0	0.0	0.0	0.0	0.0	0.0	0.0	7.14	7.14	7.14	0.0	0.0	7.14	0.0	7.14	14.29	14.29	0.0	0.0	21.43	7.14	0.0	0.0	7.14	0.0	0.0	0.0	0.0	57.14	0.0	0.0	7.14	0.0	0.0	14.29	7.14	0.0	0.0	7.14	0.0	0.0	0.0	0.0	0.0	0.0	0.0	0.0	0.0	14.29	7.14	21.43	14.29	14.29	21.43	0.0	7.14	0.0	0.0	7.14	0.0	0.0	7.14	7.14	0.0	0.0	0.0	0.0	14.29	0.0	0.0	7.14
MILES	21	21.0	0.0	0.0	0.0	0.0	0.0	0.0	0.0	0.0	0.0	0.0	0.0	0.0	0.0	4.76	0.0	9.52	4.76	0.0	0.0	9.52	0.0	9.52	0.0	0.0	0.0	0.0	19.05	9.52	0.0	4.76	0.0	0.0	0.0	0.0	0.0	61.90	4.76	0.0	0.0	0.0	0.0	0.0	14.29	0.0	0.0	0.0	4.76	0.0	0.0	0.0	0.0	0.0	0.0	9.52	0.0	0.0	4.76	9.52	9.52	4.76	14.29	0.0	19.05	0.0	0.0	0.0	0.0	0.0	9.52	9.52	0.0	0.0	0.0	4.76	14.29	9.52	0.0	0.0
JAKE	20	20.0	0.0	0.0	0.0	0.0	0.0	0.0	0.0	0.0	0.0	0.0	0.0	0.0	0.0	5.00	0.0	0.0	0.0	0.0	0.0	0.0	0.0	0.0	0.0	0.0	0.0	5.00	35.00	10.00	0.0	5.00	5.00	0.0	0.0	0.0	0.0	65.00	0.0	0.0	0.0	0.0	0.0	0.0	20.00	0.0	0.0	0.0	5.00	0.0	0.0	0.0	5.00	0.0	0.0	10.00	0.0	0.0	0.0	10.00	15.00	10.00	15.00	10.00	15.00	0.0	0.0	0.0	0.0	0.0	10.00	15.00	0.0	0.0	0.0	0.0	10.00	10.00	0.0	0.0
MILES	7	7.0	0.0	0.0	0.0	0.0	0.0	0.0	0.0	0.0	0.0	0.0	0.0	0.0	0.0	14.29	0.0	0.0	0.0	0.0	0.0	0.0	0.0	14.29	0.0	0.0	0.0	0.0	28.57	0.0	0.0	14.29	0.0	0.0	0.0	0.0	0.0	71.43	0.0	0.0	0.0	0.0	0.0	0.0	14.29	0.0	0.0	0.0	14.29	0.0	0.0	0.0	0.0	0.0	0.0	0.0	0.0	0.0	0.0	14.29	14.29	28.57	28.57	14.29	0.0	0.0	0.0	0.0	0.0	0.0	14.29	0.0	0.0	0.0	0.0	0.0	28.57	14.29	0.0	0.0
JAKE	1	1.0	0.0	0.0	0.0	0.0	0.0	0.0	0.0	0.0	0.0	0.0	0.0	0.0	0.0	100.00	0.0	0.0	0.0	0.0	0.0	0.0	0.0	0.0	100.00	100.00	0.0	0.0	0.0	0.0	0.0	0.0	0.0	0.0	0.0	0.0	0.0	0.0	0.0	0.0	0.0	0.0	0.0	0.0	0.0	0.0	0.0	0.0	0.0	0.0	0.0	0.0	0.0	0.0	0.0	0.0	0.0	0.0	0.0	0.0	0.0	0.0	0.0	0.0	0.0	0.0	0.0	0.0	100.00	0.0	0.0	0.0	0.0	0.0	0.0	0.0	0.0	0.0	0.0	0.0
JAKE	1	1.0	0.0	0.0	0.0	0.0	0.0	0.0	0.0	0.0	0.0	0.0	0.0	0.0	0.0	0.0	0.0	0.0	0.0	0.0	0.0	0.0	0.0	0.0	0.0	0.0	0.0	0.0	0.0	0.0	0.0	0.0	0.0	0.0	0.0	0.0	0.0	0.0	0.0	0.0	0.0	0.0	0.0	0.0	0.0	0.0	0.0	0.0	0.0	0.0	0.0	0.0	0.0	0.0	0.0	0.0	0.0	0.0	0.0	0.0	0.0	0.0	0.0	0.0	0.0	0.0	0.0	0.0	0.0	0.0	0.0	0.0	0.0	0.0	0.0	0.0	0.0	0.0	0.0	0.0
LILY	8	8.0	0.0	0.0	0.0	0.0	0.0	0.0	0.0	0.0	0.0	0.0	0.0	0.0	0.0	12.50	0.0	0.0	0.0	0.0	0.0	0.0	0.0	12.50	0.0	0.0	0.0	0.0	25.00	12.50	0.0	0.0	25.00	0.0	0.0	0.0	0.0	75.00	0.0	0.0	0.0	0.0	12.50	0.0	0.0	0.0	0.0	0.0	37.50	0.0	0.0	0.0	0.0	0.0	0.0	0.0	0.0	0.0	0.0	12.50	0.0	12.50	50.00	0.0	0.0	0.0	0.0	0.0	0.0	0.0	25.00	0.0	0.0	25.00	0.0	0.0	12.50	0.0	0.0	12.50
JAKE	3	3.0	0.0	0.0	0.0	0.0	0.0	0.0	0.0	0.0	0.0	0.0	0.0	0.0	0.0	0.0	0.0	0.0	0.0	0.0	0.0	0.0	0.0	0.0	0.0	0.0	0.0	0.0	66.67	0.0	0.0	0.0	33.33	0.0	0.0	0.0	0.0	100.00	0.0	0.0	0.0	0.0	0.0	0.0	33.33	0.0	0.0	0.0	0.0	0.0	0.0	0.0	33.33	0.0	0.0	0.0	0.0	0.0	0.0	66.67	0.0	33.33	66.67	0.0	0.0	0.0	0.0	0.0	0.0	0.0	66.67	0.0	0.0	0.0	0.0	0.0	33.33	66.67	0.0	0.0
GORDO	6	6.0	0.0	0.0	0.0	0.0	0.0	0.0	0.0	0.0	0.0	0.0	0.0	0.0	0.0	16.67	0.0	0.0	16.67	0.0	0.0	0.0	0.0	33.33	0.0	0.0	0.0	0.0	0.0	0.0	0.0	0.0	0.0	0.0	0.0	0.0	0.0	66.67	16.67	0.0	0.0	0.0	0.0	16.67	0.0	0.0	0.0	0.0	0.0	0.0	0.0	0.0	0.0	0.0	0.0	0.0	0.0	0.0	16.67	50.00	0.0	0.0	50.00	0.0	0.0	0.0	0.0	0.0	0.0	16.67	50.00	0.0	0.0	0.0	0.0	0.0	33.33	0.0	0.0	16.67
JAKE	5	5.0	0.0	0.0	0.0	0.0	0.0	0.0	0.0	0.0	0.0	0.0	0.0	0.0	0.0	0.0	0.0	20.00	0.0	0.0	0.0	0.0	20.00	20.00	0.0	0.0	0.0	0.0	0.0	0.0	0.0	0.0	0.0	0.0	0.0	0.0	0.0	80.00	0.0	0.0	0.0	0.0	0.0	20.00	0.0	0.0	0.0	0.0	0.0	0.0	0.0	0.0	0.0	0.0	0.0	0.0	0.0	0.0	0.0	40.00	0.0	20.00	40.00	0.0	40.00	0.0	0.0	0.0	0.0	20.00	20.00	40.00	0.0	0.0	0.0	0.0	20.00	0.0	0.0	0.0
LILY	2	2.0	0.0	0.0	0.0	0.0	0.0	0.0	0.0	0.0	0.0	0.0	0.0	0.0	0.0	0.0	0.0	0.0	0.0	0.0	0.0	0.0	0.0	0.0	0.0	0.0	0.0	0.0	0.0	0.0	0.0	0.0	0.0	0.0	0.0	0.0	0.0	100.00	0.0	0.0	0.0	0.0	0.0	0.0	0.0	0.0	0.0	0.0	50.00	0.0	0.0	0.0	0.0	0.0	0.0	0.0	0.0	0.0	0.0	50.00	0.0	0.0	100.00	0.0	0.0	0.0	0.0	0.0	0.0	0.0	50.00	0.0	0.0	0.0	0.0	0.0	0.0	0.0	0.0	50.00
LILY	3	3.0	33.33	0.0	0.0	0.0	33.33	0.0	0.0	0.0	0.0	0.0	0.0	0.0	0.0	0.0	0.0	0.0	0.0	0.0	0.0	0.0	0.0	33.33	0.0	0.0	0.0	0.0	33.33	0.0	0.0	0.0	33.33	0.0	0.0	0.0	0.0	100.00	0.0	0.0	0.0	0.0	0.0	0.0	0.0	0.0	0.0	0.0	66.67	0.0	0.0	0.0	33.33	0.0	0.0	0.0	0.0	0.0	0.0	0.0	0.0	33.33	66.67	0.0	0.0	0.0	0.0	0.0	0.0	0.0	0.0	0.0	0.0	0.0	0.0	0.0	33.33	0.0	0.0	0.0
JAKE	6	6.0	0.0	0.0	0.0	0.0	0.0	0.0	0.0	0.0	0.0	0.0	0.0	0.0	0.0	16.67	16.67	0.0	16.67	0.0	0.0	16.67	0.0	0.0	0.0	0.0	0.0	0.0	0.0	0.0	0.0	0.0	0.0	0.0	0.0	0.0	0.0	50.00	0.0	0.0	0.0	0.0	0.0	0.0	0.0	0.0	0.0	0.0	0.0	0.0	0.0	0.0	0.0	0.0	0.0	0.0	0.0	0.0	16.67	16.67	16.67	0.0	16.67	0.0	33.33	0.0	0.0	0.0	0.0	0.0	16.67	33.33	0.0	0.0	0.0	0.0	0.0	0.0	16.67	16.67
LILY	30	30.0	0.0	0.0	0.0	0.0	0.0	0.0	0.0	0.0	0.0	0.0	0.0	0.0	0.0	6.67	0.0	3.33	20.00	6.67	3.33	6.67	0.0	6.67	6.67	3.33	0.0	0.0	16.67	10.00	0.0	3.33	6.67	0.0	0.0	0.0	0.0	60.00	0.0	0.0	0.0	0.0	0.0	10.00	6.67	0.0	0.0	3.33	0.0	0.0	6.67	3.33	0.0	20.00	0.0	6.67	0.0	0.0	0.0	23.33	13.33	13.33	23.33	0.0	10.00	0.0	0.0	0.0	6.67	0.0	13.33	6.67	10.00	3.33	0.0	0.0	13.33	0.0	0.0	13.33
JAKE	17	17.0	0.0	0.0	0.0	0.0	0.0	0.0	0.0	0.0	0.0	0.0	0.0	0.0	0.0	0.0	5.88	0.0	0.0	0.0	0.0	5.88	0.0	11.76	5.88	5.88	0.0	0.0	11.76	5.88	0.0	0.0	5.88	0.0	0.0	0.0	0.0	64.71	0.0	0.0	0.0	0.0	0.0	0.0	5.88	0.0	0.0	0.0	17.65	0.0	0.0	0.0	5.88	0.0	0.0	5.88	0.0	0.0	0.0	11.76	11.76	17.65	29.41	0.0	11.76	0.0	0.0	0.0	0.0	0.0	11.76	11.76	0.0	0.0	0.0	0.0	17.65	0.0	5.88	11.76
LILY	2	2.0	0.0	0.0	0.0	0.0	0.0	0.0	0.0	0.0	0.0	0.0	0.0	0.0	0.0	0.0	0.0	0.0	0.0	0.0	0.0	0.0	0.0	0.0	0.0	0.0	0.0	0.0	0.0	0.0	0.0	0.0	0.0	0.0	0.0	0.0	0.0	50.00	0.0	0.0	50.00	0.0	0.0	0.0	0.0	0.0	0.0	0.0	50.00	0.0	0.0	0.0	0.0	0.0	0.0	0.0	0.0	50.00	0.0	0.0	0.0	0.0	50.00	0.0	0.0	0.0	0.0	0.0	0.0	0.0	100.00	0.0	0.0	0.0	0.0	0.0	0.0	0.0	0.0	0.0
JAKE	31	31.0	0.0	0.0	0.0	0.0	0.0	0.0	0.0	0.0	0.0	0.0	0.0	0.0	0.0	12.90	3.23	6.45	3.23	3.23	0.0	0.0	0.0	19.35	3.23	3.23	3.23	0.0	12.90	6.45	0.0	0.0	0.0	0.0	0.0	0.0	0.0	67.74	0.0	0.0	0.0	0.0	0.0	6.45	3.23	0.0	3.23	0.0	6.45	0.0	3.23	3.23	0.0	3.23	0.0	3.23	9.68	0.0	0.0	32.26	6.45	12.90	38.71	0.0	9.68	0.0	0.0	0.0	0.0	6.45	29.03	0.0	3.23	3.23	0.0	3.23	25.81	3.23	3.23	16.13
JAKE	21	21.0	0.0	0.0	0.0	0.0	0.0	0.0	0.0	0.0	0.0	0.0	0.0	0.0	0.0	14.29	4.76	0.0	4.76	0.0	0.0	4.76	0.0	4.76	0.0	0.0	0.0	0.0	23.81	9.52	0.0	0.0	4.76	0.0	4.76	0.0	0.0	52.38	0.0	0.0	0.0	0.0	4.76	0.0	4.76	0.0	0.0	9.52	4.76	0.0	9.52	0.0	0.0	0.0	0.0	0.0	0.0	4.76	4.76	14.29	14.29	9.52	19.05	4.76	19.05	0.0	0.0	0.0	0.0	0.0	19.05	9.52	0.0	4.76	0.0	9.52	9.52	4.76	9.52	9.52
LILY	21	21.0	0.0	0.0	0.0	0.0	0.0	0.0	0.0	0.0	0.0	0.0	0.0	0.0	0.0	0.0	0.0	0.0	4.76	0.0	0.0	0.0	0.0	9.52	0.0	0.0	0.0	0.0	14.29	4.76	0.0	0.0	4.76	0.0	4.76	0.0	0.0	47.62	0.0	0.0	0.0	0.0	0.0	4.76	0.0	0.0	0.0	4.76	19.05	0.0	0.0	9.52	0.0	0.0	0.0	0.0	4.76	4.76	4.76	9.52	9.52	14.29	28.57	0.0	14.29	0.0	0.0	0.0	0.0	0.0	9.52	4.76	0.0	4.76	0.0	0.0	19.05	0.0	0.0	4.76
LILY	16	16.0	0.0	0.0	0.0	0.0	0.0	0.0	0.0	0.0	0.0	0.0	0.0	0.0	0.0	6.25	0.0	6.25	6.25	6.25	0.0	12.50	0.0	0.0	12.50	6.25	0.0	0.0	18.75	6.25	0.0	0.0	0.0	0.0	0.0	0.0	0.0	50.00	0.0	0.0	0.0	0.0	0.0	0.0	12.50	0.0	6.25	0.0	0.0	0.0	0.0	6.25	0.0	6.25	0.0	6.25	0.0	0.0	0.0	12.50	6.25	31.25	12.50	0.0	12.50	0.0	0.0	0.0	6.25	0.0	12.50	6.25	6.25	0.0	0.0	0.0	31.25	12.50	0.0	0.0
MILES	19	19.0	0.0	0.0	0.0	0.0	0.0	0.0	0.0	0.0	0.0	0.0	0.0	0.0	0.0	15.79	0.0	21.05	5.26	5.26	0.0	5.26	0.0	10.53	5.26	0.0	0.0	0.0	21.05	5.26	0.0	0.0	21.05	0.0	5.26	0.0	0.0	68.42	0.0	0.0	0.0	0.0	5.26	5.26	0.0	0.0	0.0	0.0	10.53	0.0	0.0	5.26	0.0	5.26	0.0	0.0	0.0	5.26	0.0	10.53	10.53	21.05	21.05	0.0	5.26	0.0	0.0	0.0	5.26	0.0	15.79	0.0	5.26	10.53	0.0	0.0	21.05	0.0	0.0	5.26
JAKE	9	9.0	0.0	0.0	0.0	0.0	0.0	0.0	0.0	0.0	0.0	0.0	0.0	0.0	0.0	11.11	11.11	0.0	22.22	0.0	0.0	11.11	11.11	0.0	0.0	0.0	0.0	0.0	11.11	0.0	0.0	0.0	0.0	0.0	0.0	0.0	0.0	44.44	0.0	0.0	0.0	0.0	0.0	0.0	0.0	0.0	11.11	0.0	0.0	0.0	0.0	0.0	0.0	0.0	0.0	0.0	11.11	0.0	22.22	22.22	11.11	0.0	22.22	0.0	11.11	0.0	0.0	0.0	0.0	0.0	22.22	11.11	0.0	0.0	0.0	0.0	11.11	0.0	11.11	22.22
LILY	13	13.0	0.0	0.0	0.0	0.0	0.0	0.0	0.0	0.0	0.0	0.0	0.0	0.0	0.0	0.0	0.0	7.69	7.69	0.0	0.0	0.0	0.0	15.38	0.0	0.0	0.0	0.0	7.69	0.0	0.0	0.0	0.0	0.0	0.0	0.0	0.0	61.54	0.0	0.0	0.0	0.0	0.0	7.69	0.0	0.0	0.0	7.69	7.69	0.0	0.0	7.69	7.69	0.0	0.0	0.0	0.0	0.0	7.69	7.69	23.08	23.08	15.38	0.0	23.08	0.0	0.0	0.0	0.0	0.0	0.0	7.69	0.0	0.0	0.0	7.69	23.08	0.0	0.0	0.0
JAKE	13	13.0	0.0	0.0	0.0	0.0	0.0	0.0	0.0	0.0	0.0	0.0	0.0	0.0	0.0	7.69	0.0	7.69	0.0	0.0	0.0	7.69	0.0	23.08	0.0	0.0	0.0	0.0	15.38	0.0	0.0	0.0	7.69	0.0	0.0	0.0	0.0	76.92	0.0	0.0	0.0	0.0	0.0	15.38	7.69	0.0	0.0	0.0	7.69	0.0	0.0	0.0	0.0	0.0	0.0	0.0	15.38	7.69	0.0	30.77	7.69	15.38	38.46	0.0	7.69	0.0	0.0	7.69	0.0	0.0	23.08	7.69	0.0	0.0	0.0	0.0	30.77	7.69	0.0	7.69
LILY	20	20.0	5.00	0.0	0.0	0.0	5.00	0.0	0.0	0.0	0.0	0.0	0.0	0.0	0.0	0.0	0.0	20.00	0.0	0.0	0.0	0.0	0.0	20.00	0.0	0.0	0.0	0.0	10.00	0.0	0.0	5.00	0.0	0.0	0.0	0.0	0.0	75.00	0.0	0.0	0.0	0.0	0.0	20.00	0.0	0.0	0.0	5.00	5.00	0.0	0.0	0.0	10.00	0.0	0.0	0.0	0.0	0.0	0.0	30.00	5.00	30.00	35.00	0.0	5.00	0.0	0.0	0.0	0.0	0.0	15.00	0.0	0.0	0.0	0.0	5.00	30.00	0.0	0.0	10.00
JAKE	22	22.0	0.0	0.0	0.0	0.0	0.0	0.0	0.0	0.0	0.0	0.0	0.0	0.0	0.0	13.64	0.0	18.18	9.09	0.0	0.0	9.09	0.0	18.18	0.0	0.0	0.0	4.55	22.73	0.0	0.0	0.0	4.55	0.0	9.09	0.0	0.0	77.27	0.0	0.0	4.55	0.0	0.0	4.55	0.0	0.0	0.0	9.09	4.55	0.0	0.0	0.0	4.55	0.0	0.0	0.0	9.09	13.64	9.09	22.73	13.64	9.09	27.27	0.0	9.09	0.0	0.0	0.0	0.0	0.0	27.27	0.0	0.0	4.55	4.55	9.09	18.18	0.0	0.0	13.64
LILY	4	4.0	0.0	0.0	0.0	0.0	0.0	0.0	0.0	0.0	0.0	0.0	0.0	0.0	0.0	0.0	0.0	0.0	25.00	25.00	0.0	0.0	0.0	25.00	0.0	0.0	0.0	0.0	0.0	0.0	0.0	0.0	0.0	0.0	0.0	0.0	0.0	100.00	0.0	0.0	0.0	0.0	0.0	25.00	0.0	0.0	0.0	0.0	50.00	0.0	0.0	0.0	25.00	25.00	0.0	0.0	0.0	0.0	0.0	25.00	0.0	25.00	75.00	0.0	0.0	0.0	0.0	0.0	0.0	0.0	0.0	0.0	0.0	0.0	0.0	0.0	25.00	0.0	0.0	0.0
JAKE	5	5.0	0.0	0.0	0.0	0.0	0.0	0.0	0.0	0.0	0.0	0.0	0.0	0.0	0.0	0.0	0.0	0.0	20.00	20.00	0.0	20.00	0.0	0.0	0.0	0.0	0.0	0.0	0.0	0.0	0.0	0.0	0.0	0.0	0.0	0.0	0.0	60.00	0.0	0.0	0.0	0.0	0.0	0.0	0.0	0.0	0.0	0.0	0.0	0.0	0.0	0.0	0.0	20.00	0.0	0.0	0.0	0.0	0.0	20.00	0.0	20.00	20.00	20.00	0.0	0.0	0.0	0.0	0.0	0.0	20.00	0.0	0.0	0.0	0.0	0.0	20.00	0.0	0.0	20.00
LILY	6	6.0	0.0	0.0	0.0	0.0	0.0	0.0	0.0	0.0	0.0	0.0	0.0	0.0	0.0	0.0	0.0	0.0	0.0	0.0	0.0	0.0	0.0	50.00	0.0	0.0	0.0	0.0	0.0	0.0	0.0	0.0	0.0	0.0	0.0	0.0	0.0	100.00	0.0	0.0	0.0	0.0	0.0	16.67	0.0	0.0	0.0	0.0	16.67	0.0	0.0	0.0	0.0	0.0	0.0	0.0	0.0	0.0	0.0	16.67	16.67	50.00	33.33	0.0	0.0	0.0	0.0	0.0	0.0	0.0	0.0	0.0	0.0	0.0	0.0	0.0	50.00	0.0	0.0	0.0
JAKE	7	7.0	0.0	0.0	0.0	0.0	0.0	0.0	0.0	0.0	0.0	0.0	0.0	0.0	0.0	0.0	0.0	14.29	14.29	0.0	0.0	28.57	0.0	0.0	0.0	0.0	0.0	0.0	14.29	0.0	0.0	0.0	14.29	0.0	0.0	0.0	0.0	57.14	0.0	0.0	0.0	0.0	0.0	0.0	0.0	0.0	0.0	0.0	0.0	14.29	0.0	0.0	0.0	0.0	0.0	0.0	0.0	0.0	14.29	0.0	0.0	0.0	0.0	14.29	14.29	0.0	0.0	0.0	0.0	0.0	0.0	14.29	0.0	0.0	0.0	0.0	0.0	0.0	0.0	0.0
LILY	3	3.0	0.0	0.0	0.0	0.0	0.0	0.0	0.0	0.0	0.0	0.0	0.0	0.0	0.0	0.0	0.0	0.0	0.0	0.0	0.0	33.33	0.0	0.0	0.0	0.0	33.33	0.0	66.67	0.0	0.0	33.33	0.0	0.0	0.0	0.0	0.0	33.33	0.0	0.0	0.0	0.0	0.0	0.0	0.0	0.0	0.0	0.0	0.0	0.0	0.0	0.0	0.0	0.0	0.0	0.0	0.0	0.0	0.0	0.0	0.0	66.67	0.0	0.0	0.0	0.0	0.0	0.0	0.0	0.0	0.0	0.0	0.0	0.0	0.0	0.0	66.67	0.0	0.0	0.0
LILY	7	7.0	0.0	0.0	0.0	0.0	0.0	0.0	0.0	0.0	0.0	0.0	0.0	0.0	0.0	14.29	0.0	0.0	0.0	0.0	0.0	14.29	0.0	14.29	0.0	0.0	14.29	0.0	42.86	14.29	0.0	28.57	14.29	0.0	0.0	0.0	0.0	71.43	0.0	0.0	0.0	0.0	0.0	0.0	0.0	0.0	0.0	0.0	0.0	0.0	0.0	0.0	0.0	0.0	0.0	14.29	0.0	0.0	0.0	28.57	0.0	42.86	28.57	0.0	0.0	0.0	0.0	0.0	0.0	0.0	28.57	0.0	0.0	14.29	0.0	0.0	42.86	0.0	0.0	28.57
LILY	2	2.0	0.0	0.0	0.0	0.0	0.0	0.0	0.0	0.0	0.0	0.0	0.0	0.0	0.0	0.0	0.0	0.0	0.0	0.0	0.0	0.0	0.0	50.00	0.0	0.0	0.0	0.0	0.0	0.0	0.0	0.0	0.0	0.0	0.0	0.0	0.0	150.00	0.0	0.0	0.0	0.0	0.0	0.0	0.0	0.0	0.0	0.0	100.00	0.0	0.0	0.0	0.0	0.0	0.0	50.00	0.0	0.0	0.0	0.0	0.0	50.00	100.00	0.0	0.0	0.0	0.0	0.0	0.0	0.0	0.0	0.0	0.0	0.0	0.0	0.0	50.00	0.0	0.0	0.0
BUTCH	7	7.0	0.0	0.0	0.0	0.0	0.0	0.0	0.0	0.0	0.0	0.0	0.0	0.0	0.0	0.0	0.0	0.0	14.29	0.0	0.0	0.0	0.0	14.29	0.0	0.0	14.29	0.0	14.29	0.0	0.0	0.0	0.0	0.0	0.0	0.0	0.0	57.14	0.0	0.0	0.0	0.0	0.0	14.29	0.0	0.0	0.0	0.0	0.0	0.0	0.0	0.0	0.0	0.0	0.0	0.0	14.29	14.29	14.29	42.86	0.0	28.57	42.86	0.0	0.0	0.0	0.0	14.29	0.0	14.29	28.57	0.0	0.0	0.0	0.0	0.0	42.86	0.0	0.0	14.29
JAKE	12	12.0	0.0	0.0	0.0	0.0	0.0	0.0	0.0	0.0	0.0	0.0	0.0	0.0	0.0	0.0	0.0	8.33	0.0	0.0	0.0	8.33	0.0	16.67	0.0	0.0	0.0	0.0	25.00	0.0	0.0	8.33	0.0	0.0	0.0	0.0	0.0	75.00	0.0	0.0	0.0	0.0	0.0	0.0	16.67	0.0	0.0	0.0	16.67	0.0	0.0	0.0	0.0	0.0	0.0	0.0	25.00	0.0	0.0	25.00	0.0	0.0	41.67	0.0	8.33	0.0	0.0	0.0	0.0	0.0	25.00	0.0	0.0	0.0	0.0	8.33	25.00	25.00	0.0	0.0
JAKE	2	2.0	0.0	0.0	0.0	0.0	0.0	0.0	0.0	0.0	0.0	0.0	0.0	0.0	0.0	50.00	0.0	0.0	0.0	0.0	0.0	0.0	0.0	0.0	0.0	0.0	0.0	0.0	0.0	0.0	0.0	0.0	0.0	0.0	0.0	0.0	0.0	0.0	0.0	0.0	0.0	0.0	0.0	0.0	0.0	0.0	0.0	0.0	0.0	0.0	0.0	0.0	0.0	0.0	0.0	0.0	0.0	0.0	0.0	0.0	0.0	0.0	0.0	0.0	0.0	0.0	0.0	0.0	0.0	0.0	0.0	0.0	0.0	0.0	0.0	0.0	0.0	0.0	0.0	0.0
MILES	1	1.0	0.0	0.0	0.0	0.0	0.0	0.0	0.0	0.0	0.0	0.0	0.0	0.0	0.0	0.0	0.0	0.0	0.0	0.0	0.0	0.0	0.0	0.0	0.0	0.0	100.00	0.0	100.00	0.0	0.0	0.0	0.0	0.0	0.0	0.0	0.0	0.0	0.0	0.0	0.0	0.0	0.0	0.0	0.0	0.0	0.0	0.0	0.0	0.0	0.0	0.0	0.0	0.0	0.0	0.0	0.0	0.0	0.0	0.0	0.0	0.0	0.0	0.0	0.0	0.0	0.0	0.0	0.0	0.0	0.0	0.0	0.0	0.0	0.0	0.0	0.0	0.0	0.0	0.0
JAKE	13	13.0	0.0	0.0	0.0	0.0	0.0	0.0	0.0	0.0	0.0	0.0	0.0	0.0	0.0	23.08	15.38	0.0	7.69	0.0	0.0	7.69	0.0	7.69	0.0	0.0	7.69	7.69	30.77	15.38	0.0	7.69	0.0	0.0	0.0	0.0	0.0	61.54	0.0	0.0	0.0	0.0	0.0	0.0	7.69	0.0	0.0	0.0	23.08	0.0	0.0	7.69	0.0	0.0	0.0	0.0	0.0	0.0	7.69	7.69	7.69	15.38	30.77	0.0	7.69	0.0	0.0	0.0	0.0	0.0	15.38	0.0	0.0	0.0	0.0	0.0	15.38	7.69	0.0	0.0
JAKE	37	37.0	0.0	0.0	0.0	0.0	0.0	0.0	0.0	0.0	0.0	0.0	0.0	0.0	0.0	21.62	0.0	0.0	2.70	0.0	0.0	5.41	0.0	5.41	5.41	0.0	8.11	2.70	24.32	5.41	0.0	0.0	0.0	5.41	0.0	0.0	0.0	48.65	0.0	2.70	0.0	0.0	0.0	0.0	8.11	2.70	2.70	0.0	5.41	2.70	2.70	2.70	0.0	0.0	0.0	2.70	8.11	0.0	2.70	13.51	10.81	5.41	18.92	2.70	13.51	0.0	0.0	0.0	0.0	13.51	24.32	5.41	0.0	2.70	0.0	5.41	13.51	0.0	0.0	0.0
JAKE	15	15.0	0.0	0.0	0.0	0.0	0.0	0.0	0.0	0.0	0.0	0.0	0.0	0.0	0.0	13.33	0.0	26.67	0.0	0.0	0.0	20.00	0.0	6.67	0.0	0.0	0.0	0.0	13.33	0.0	0.0	0.0	0.0	0.0	0.0	0.0	0.0	73.33	0.0	0.0	0.0	0.0	0.0	0.0	6.67	0.0	0.0	0.0	6.67	0.0	6.67	6.67	0.0	0.0	0.0	6.67	6.67	0.0	0.0	6.67	13.33	6.67	13.33	0.0	26.67	0.0	0.0	0.0	0.0	6.67	13.33	13.33	0.0	0.0	0.0	6.67	13.33	0.0	0.0	0.0
JAKE	21	21.0	0.0	0.0	0.0	0.0	0.0	0.0	0.0	0.0	0.0	0.0	0.0	0.0	0.0	4.76	4.76	4.76	4.76	0.0	0.0	9.52	0.0	14.29	0.0	0.0	0.0	4.76	23.81	0.0	0.0	0.0	0.0	0.0	0.0	0.0	0.0	80.95	0.0	0.0	0.0	4.76	0.0	0.0	4.76	0.0	0.0	4.76	14.29	0.0	4.76	0.0	4.76	0.0	0.0	0.0	0.0	0.0	4.76	9.52	9.52	19.05	23.81	19.05	4.76	0.0	0.0	0.0	0.0	4.76	9.52	4.76	0.0	9.52	0.0	0.0	19.05	4.76	0.0	0.0
GORDO	5	5.0	0.0	0.0	0.0	0.0	0.0	0.0	0.0	0.0	0.0	0.0	0.0	0.0	0.0	0.0	0.0	20.00	0.0	0.0	0.0	0.0	0.0	0.0	0.0	0.0	20.00	0.0	40.00	20.00	0.0	0.0	0.0	0.0	0.0	0.0	0.0	80.00	0.0	0.0	0.0	0.0	0.0	0.0	20.00	0.0	0.0	0.0	0.0	0.0	0.0	20.00	0.0	0.0	0.0	0.0	0.0	0.0	0.0	20.00	20.00	0.0	20.00	20.00	40.00	0.0	0.0	0.0	0.0	0.0	20.00	0.0	0.0	0.0	0.0	20.00	0.0	20.00	0.0	0.0
JAKE	2	2.0	0.0	0.0	0.0	0.0	0.0	0.0	0.0	0.0	0.0	0.0	0.0	0.0	0.0	50.00	0.0	0.0	0.0	0.0	0.0	0.0	0.0	0.0	0.0	0.0	0.0	0.0	0.0	0.0	0.0	0.0	0.0	0.0	0.0	0.0	0.0	100.00	0.0	0.0	0.0	0.0	0.0	0.0	0.0	0.0	0.0	0.0	0.0	0.0	0.0	0.0	0.0	0.0	0.0	100.00	0.0	0.0	0.0	0.0	0.0	0.0	0.0	0.0	0.0	0.0	0.0	0.0	0.0	0.0	0.0	0.0	0.0	0.0	0.0	0.0	0.0	0.0	0.0	0.0
GORDO	9	9.0	0.0	0.0	0.0	0.0	0.0	0.0	0.0	0.0	0.0	0.0	0.0	0.0	0.0	11.11	11.11	11.11	0.0	0.0	0.0	22.22	0.0	0.0	0.0	0.0	0.0	0.0	22.22	11.11	0.0	0.0	0.0	0.0	0.0	0.0	0.0	77.78	0.0	0.0	0.0	0.0	0.0	0.0	22.22	0.0	0.0	0.0	0.0	0.0	11.11	0.0	0.0	0.0	0.0	22.22	0.0	0.0	0.0	11.11	0.0	11.11	11.11	0.0	0.0	0.0	0.0	0.0	0.0	0.0	11.11	0.0	0.0	0.0	0.0	0.0	11.11	11.11	0.0	0.0
JAKE	11	11.0	0.0	0.0	0.0	0.0	0.0	0.0	0.0	0.0	0.0	0.0	0.0	0.0	0.0	9.09	9.09	0.0	0.0	0.0	0.0	9.09	0.0	0.0	0.0	0.0	0.0	9.09	36.36	9.09	0.0	0.0	0.0	0.0	0.0	0.0	0.0	54.55	0.0	0.0	0.0	0.0	0.0	0.0	27.27	0.0	0.0	0.0	0.0	0.0	0.0	0.0	0.0	0.0	0.0	9.09	0.0	0.0	0.0	18.18	9.09	18.18	18.18	9.09	0.0	0.0	0.0	0.0	0.0	0.0	18.18	0.0	0.0	0.0	0.0	0.0	18.18	18.18	0.0	0.0
LUPUS	15	15.0	0.0	0.0	0.0	0.0	0.0	0.0	0.0	0.0	0.0	0.0	0.0	0.0	0.0	0.0	0.0	6.67	0.0	0.0	0.0	0.0	0.0	26.67	0.0	0.0	0.0	0.0	6.67	0.0	0.0	0.0	0.0	0.0	0.0	0.0	0.0	80.00	0.0	0.0	0.0	0.0	0.0	13.33	0.0	0.0	0.0	6.67	26.67	0.0	6.67	0.0	6.67	0.0	0.0	0.0	0.0	0.0	0.0	26.67	0.0	40.00	53.33	0.0	6.67	0.0	0.0	0.0	0.0	0.0	20.00	6.67	0.0	0.0	0.0	0.0	40.00	0.0	0.0	13.33
MILES	7	7.0	0.0	0.0	0.0	0.0	0.0	0.0	0.0	0.0	0.0	0.0	0.0	0.0	0.0	14.29	0.0	0.0	0.0	0.0	0.0	0.0	0.0	14.29	0.0	0.0	0.0	0.0	14.29	0.0	0.0	0.0	0.0	0.0	0.0	0.0	0.0	57.14	0.0	0.0	0.0	0.0	14.29	28.57	14.29	0.0	0.0	0.0	14.29	0.0	0.0	0.0	0.0	0.0	0.0	0.0	0.0	0.0	0.0	28.57	14.29	14.29	42.86	0.0	0.0	0.0	0.0	0.0	0.0	0.0	14.29	0.0	0.0	0.0	0.0	0.0	14.29	0.0	0.0	0.0
JAKE	8	8.0	0.0	0.0	0.0	0.0	0.0	0.0	0.0	0.0	0.0	0.0	0.0	0.0	0.0	12.50	0.0	0.0	0.0	0.0	0.0	0.0	0.0	25.00	0.0	0.0	12.50	12.50	37.50	0.0	0.0	0.0	0.0	0.0	0.0	0.0	0.0	75.00	0.0	0.0	0.0	0.0	0.0	0.0	12.50	0.0	0.0	0.0	25.00	0.0	0.0	12.50	12.50	0.0	0.0	0.0	0.0	0.0	0.0	25.00	12.50	37.50	50.00	0.0	25.00	0.0	0.0	0.0	0.0	12.50	25.00	0.0	0.0	0.0	0.0	12.50	37.50	12.50	0.0	0.0
JAKE	17	17.0	0.0	0.0	0.0	0.0	0.0	0.0	0.0	0.0	0.0	0.0	0.0	0.0	0.0	11.76	0.0	17.65	5.88	0.0	0.0	5.88	0.0	0.0	0.0	0.0	0.0	0.0	29.41	0.0	0.0	0.0	11.76	0.0	0.0	0.0	0.0	52.94	0.0	0.0	0.0	0.0	5.88	0.0	5.88	0.0	0.0	5.88	5.88	0.0	5.88	0.0	11.76	5.88	0.0	0.0	0.0	0.0	0.0	5.88	11.76	0.0	11.76	0.0	23.53	0.0	5.88	0.0	0.0	0.0	17.65	23.53	0.0	5.88	0.0	0.0	0.0	5.88	0.0	0.0
JAKE	54	54.0	0.0	0.0	0.0	0.0	0.0	0.0	0.0	0.0	0.0	0.0	0.0	0.0	0.0	12.96	1.85	1.85	1.85	0.0	0.0	11.11	0.0	1.85	1.85	0.0	1.85	0.0	18.52	3.70	0.0	3.70	3.70	0.0	0.0	0.0	0.0	51.85	0.0	1.85	0.0	0.0	1.85	0.0	7.41	0.0	0.0	1.85	3.70	0.0	7.41	1.85	0.0	1.85	0.0	0.0	0.0	0.0	0.0	11.11	20.37	9.26	14.81	0.0	22.22	0.0	0.0	0.0	0.0	1.85	14.81	14.81	0.0	3.70	0.0	3.70	9.26	9.26	11.11	0.0
GORDO	6	6.0	0.0	0.0	0.0	0.0	0.0	0.0	0.0	0.0	0.0	0.0	0.0	0.0	0.0	16.67	16.67	16.67	0.0	0.0	0.0	0.0	0.0	0.0	0.0	0.0	33.33	0.0	33.33	16.67	0.0	0.0	0.0	0.0	0.0	0.0	0.0	66.67	0.0	0.0	0.0	0.0	0.0	0.0	0.0	0.0	0.0	0.0	16.67	0.0	0.0	0.0	0.0	0.0	0.0	0.0	0.0	0.0	0.0	16.67	16.67	16.67	33.33	0.0	0.0	0.0	0.0	0.0	0.0	16.67	16.67	0.0	0.0	0.0	0.0	0.0	16.67	0.0	16.67	0.0
JAKE	3	3.0	0.0	0.0	0.0	0.0	0.0	0.0	0.0	0.0	0.0	0.0	0.0	0.0	0.0	0.0	33.33	0.0	33.33	0.0	0.0	0.0	0.0	0.0	0.0	0.0	0.0	0.0	33.33	0.0	0.0	0.0	0.0	0.0	0.0	0.0	0.0	33.33	0.0	0.0	0.0	0.0	0.0	0.0	33.33	0.0	0.0	0.0	0.0	0.0	33.33	0.0	0.0	0.0	0.0	0.0	0.0	0.0	33.33	33.33	0.0	0.0	33.33	0.0	0.0	0.0	0.0	0.0	0.0	0.0	33.33	0.0	0.0	0.0	0.0	0.0	0.0	33.33	33.33	0.0
JAKE	35	35.0	0.0	0.0	0.0	0.0	0.0	0.0	0.0	0.0	0.0	0.0	0.0	0.0	0.0	14.29	2.86	0.0	0.0	0.0	0.0	17.14	0.0	8.57	0.0	0.0	0.0	0.0	8.57	2.86	0.0	0.0	2.86	0.0	0.0	0.0	0.0	60.00	0.0	0.0	0.0	0.0	5.71	0.0	2.86	0.0	0.0	0.0	0.0	0.0	14.29	0.0	2.86	0.0	0.0	2.86	2.86	0.0	0.0	5.71	20.00	11.43	5.71	2.86	20.00	0.0	0.0	0.0	0.0	0.0	11.43	14.29	0.0	2.86	0.0	5.71	17.14	5.71	5.71	0.0
JAKE	20	20.0	0.0	0.0	0.0	0.0	0.0	0.0	0.0	0.0	0.0	0.0	0.0	0.0	0.0	15.00	0.0	0.0	0.0	0.0	0.0	15.00	0.0	0.0	5.00	0.0	5.00	0.0	20.00	5.00	0.0	0.0	0.0	0.0	0.0	0.0	0.0	60.00	0.0	5.00	0.0	0.0	0.0	10.00	10.00	0.0	0.0	0.0	5.00	5.00	5.00	0.0	0.0	0.0	0.0	0.0	0.0	0.0	0.0	10.00	20.00	5.00	15.00	5.00	15.00	0.0	0.0	0.0	0.0	0.0	0.0	10.00	0.0	0.0	0.0	5.00	5.00	0.0	10.00	0.0
MILES	1	1.0	0.0	0.0	0.0	0.0	0.0	0.0	0.0	0.0	0.0	0.0	0.0	0.0	0.0	0.0	0.0	0.0	0.0	0.0	0.0	0.0	0.0	0.0	0.0	0.0	0.0	0.0	0.0	0.0	0.0	0.0	0.0	0.0	0.0	0.0	0.0	0.0	0.0	0.0	0.0	0.0	0.0	0.0	0.0	0.0	0.0	0.0	0.0	0.0	0.0	0.0	0.0	0.0	100.00	0.0	0.0	0.0	0.0	0.0	0.0	0.0	0.0	0.0	0.0	0.0	0.0	0.0	0.0	0.0	0.0	0.0	0.0	0.0	0.0	0.0	0.0	0.0	0.0	0.0
JAKE	1	1.0	0.0	0.0	0.0	0.0	0.0	0.0	0.0	0.0	0.0	0.0	0.0	0.0	0.0	0.0	0.0	0.0	0.0	0.0	0.0	0.0	0.0	0.0	0.0	0.0	0.0	0.0	0.0	0.0	0.0	0.0	0.0	0.0	0.0	0.0	0.0	100.00	0.0	0.0	0.0	0.0	0.0	0.0	0.0	0.0	0.0	0.0	100.00	0.0	0.0	0.0	0.0	0.0	0.0	0.0	0.0	0.0	0.0	0.0	0.0	0.0	100.00	0.0	0.0	0.0	0.0	0.0	0.0	0.0	0.0	0.0	0.0	0.0	0.0	0.0	0.0	0.0	0.0	0.0
MILES	12	12.0	0.0	0.0	0.0	0.0	0.0	0.0	0.0	0.0	0.0	0.0	0.0	0.0	0.0	25.00	0.0	16.67	0.0	0.0	0.0	8.33	0.0	8.33	0.0	0.0	0.0	0.0	33.33	8.33	0.0	0.0	16.67	0.0	0.0	0.0	0.0	83.33	0.0	0.0	8.33	0.0	0.0	16.67	8.33	0.0	0.0	8.33	0.0	0.0	0.0	8.33	0.0	0.0	0.0	16.67	0.0	8.33	0.0	16.67	16.67	8.33	16.67	0.0	25.00	0.0	0.0	0.0	0.0	0.0	0.0	16.67	0.0	0.0	0.0	0.0	8.33	0.0	0.0	0.0
JAKE	2	2.0	0.0	0.0	0.0	0.0	0.0	0.0	0.0	0.0	0.0	0.0	0.0	0.0	0.0	0.0	0.0	0.0	50.00	0.0	0.0	0.0	0.0	0.0	0.0	0.0	0.0	0.0	0.0	0.0	0.0	0.0	0.0	0.0	0.0	0.0	0.0	0.0	0.0	0.0	0.0	0.0	0.0	0.0	0.0	0.0	0.0	0.0	0.0	0.0	0.0	0.0	0.0	0.0	0.0	0.0	0.0	0.0	50.00	0.0	0.0	0.0	0.0	0.0	50.00	0.0	0.0	0.0	0.0	0.0	0.0	50.00	0.0	0.0	0.0	0.0	0.0	0.0	0.0	0.0
JAKE	16	16.0	0.0	0.0	0.0	0.0	0.0	0.0	0.0	0.0	0.0	0.0	0.0	0.0	0.0	25.00	0.0	0.0	0.0	0.0	0.0	6.25	0.0	12.50	0.0	0.0	6.25	0.0	12.50	6.25	0.0	0.0	6.25	0.0	0.0	0.0	0.0	68.75	0.0	0.0	0.0	0.0	0.0	0.0	0.0	0.0	0.0	0.0	31.25	0.0	31.25	0.0	6.25	0.0	0.0	0.0	0.0	0.0	0.0	0.0	18.75	12.50	31.25	0.0	12.50	0.0	0.0	0.0	0.0	0.0	0.0	12.50	0.0	0.0	0.0	0.0	12.50	0.0	12.50	0.0
JAKE	8	8.0	0.0	0.0	0.0	0.0	0.0	0.0	0.0	0.0	0.0	0.0	0.0	0.0	0.0	12.50	0.0	12.50	0.0	0.0	0.0	12.50	0.0	0.0	0.0	0.0	0.0	0.0	12.50	12.50	0.0	0.0	0.0	0.0	0.0	0.0	0.0	62.50	0.0	0.0	0.0	0.0	0.0	0.0	12.50	0.0	0.0	0.0	0.0	0.0	37.50	0.0	0.0	0.0	0.0	0.0	0.0	0.0	0.0	12.50	12.50	0.0	12.50	12.50	12.50	0.0	0.0	0.0	0.0	0.0	12.50	12.50	0.0	0.0	0.0	0.0	0.0	12.50	0.0	0.0
JAKE	28	28.0	3.57	0.0	0.0	0.0	3.57	0.0	0.0	0.0	0.0	0.0	0.0	3.57	0.0	14.29	3.57	7.14	3.57	0.0	0.0	14.29	0.0	10.71	0.0	0.0	0.0	0.0	21.43	0.0	0.0	0.0	7.14	0.0	0.0	0.0	0.0	64.29	0.0	0.0	0.0	0.0	0.0	0.0	7.14	0.0	0.0	0.0	3.57	0.0	3.57	3.57	7.14	0.0	0.0	0.0	0.0	0.0	3.57	3.57	14.29	10.71	7.14	10.71	14.29	0.0	0.0	0.0	0.0	0.0	7.14	7.14	0.0	3.57	0.0	3.57	10.71	0.0	0.0	3.57
JAKE	10	10.0	0.0	0.0	0.0	0.0	0.0	0.0	0.0	0.0	0.0	0.0	0.0	0.0	0.0	20.00	0.0	0.0	0.0	0.0	0.0	10.00	0.0	10.00	0.0	0.0	10.00	0.0	40.00	0.0	0.0	10.00	0.0	0.0	0.0	0.0	0.0	80.00	0.0	0.0	0.0	0.0	0.0	0.0	10.00	0.0	0.0	0.0	30.00	0.0	0.0	0.0	0.0	0.0	0.0	0.0	0.0	0.0	0.0	10.00	30.00	20.00	40.00	0.0	30.00	0.0	0.0	0.0	0.0	0.0	20.00	30.00	0.0	10.00	0.0	0.0	20.00	0.0	0.0	10.00
JAKE	3	3.0	0.0	0.0	0.0	0.0	0.0	0.0	0.0	0.0	0.0	0.0	0.0	0.0	0.0	33.33	0.0	0.0	0.0	0.0	0.0	0.0	0.0	0.0	0.0	0.0	0.0	0.0	33.33	33.33	0.0	0.0	0.0	0.0	0.0	0.0	0.0	66.67	0.0	0.0	0.0	0.0	0.0	0.0	33.33	0.0	0.0	0.0	0.0	0.0	0.0	33.33	0.0	0.0	0.0	0.0	0.0	0.0	0.0	33.33	0.0	0.0	33.33	0.0	66.67	0.0	0.0	0.0	0.0	0.0	33.33	0.0	0.0	0.0	0.0	33.33	0.0	33.33	0.0	0.0
MILES	17	17.0	0.0	0.0	0.0	0.0	0.0	0.0	0.0	0.0	0.0	0.0	0.0	0.0	0.0	11.76	0.0	11.76	11.76	11.76	0.0	5.88	0.0	23.53	11.76	5.88	0.0	5.88	29.41	5.88	0.0	0.0	11.76	0.0	5.88	0.0	0.0	76.47	5.88	0.0	5.88	0.0	0.0	17.65	0.0	0.0	0.0	5.88	11.76	0.0	0.0	0.0	0.0	11.76	0.0	0.0	5.88	11.76	0.0	17.65	5.88	11.76	29.41	0.0	11.76	0.0	0.0	0.0	5.88	0.0	5.88	5.88	11.76	5.88	0.0	5.88	29.41	0.0	0.0	0.0
GORDO	28	28.0	0.0	0.0	0.0	0.0	0.0	0.0	0.0	0.0	0.0	0.0	0.0	0.0	0.0	14.29	7.14	0.0	0.0	0.0	0.0	0.0	0.0	7.14	0.0	0.0	0.0	3.57	7.14	3.57	0.0	0.0	0.0	0.0	0.0	0.0	0.0	46.43	0.0	0.0	0.0	0.0	3.57	0.0	3.57	0.0	0.0	0.0	14.29	3.57	0.0	3.57	3.57	0.0	0.0	0.0	14.29	0.0	0.0	3.57	17.86	7.14	17.86	0.0	28.57	0.0	0.0	0.0	0.0	3.57	7.14	10.71	0.0	0.0	0.0	14.29	21.43	0.0	3.57	0.0
JAKE	29	29.0	0.0	0.0	0.0	0.0	0.0	0.0	0.0	0.0	0.0	0.0	0.0	0.0	0.0	13.79	3.45	0.0	3.45	3.45	0.0	10.34	0.0	13.79	3.45	3.45	3.45	3.45	17.24	3.45	0.0	0.0	0.0	0.0	0.0	0.0	0.0	68.97	0.0	0.0	0.0	0.0	0.0	0.0	6.90	0.0	0.0	0.0	6.90	0.0	6.90	0.0	10.34	3.45	0.0	0.0	13.79	0.0	0.0	10.34	17.24	3.45	17.24	3.45	13.79	0.0	0.0	0.0	0.0	0.0	13.79	6.90	3.45	3.45	10.34	6.90	17.24	0.0	10.34	0.0
MILES	8	8.0	0.0	0.0	0.0	0.0	0.0	0.0	0.0	0.0	0.0	0.0	0.0	0.0	0.0	12.50	0.0	0.0	25.00	25.00	0.0	12.50	12.50	12.50	12.50	0.0	0.0	0.0	25.00	12.50	0.0	0.0	12.50	0.0	0.0	0.0	0.0	50.00	0.0	0.0	0.0	0.0	0.0	0.0	0.0	0.0	0.0	12.50	25.00	0.0	0.0	0.0	0.0	25.00	0.0	0.0	0.0	0.0	0.0	0.0	0.0	12.50	25.00	0.0	0.0	0.0	0.0	0.0	12.50	0.0	0.0	0.0	25.00	12.50	0.0	0.0	12.50	0.0	0.0	0.0
JAKE	9	9.0	0.0	0.0	0.0	0.0	0.0	0.0	0.0	0.0	0.0	0.0	0.0	0.0	0.0	0.0	0.0	0.0	0.0	0.0	0.0	0.0	0.0	22.22	0.0	0.0	0.0	0.0	11.11	11.11	0.0	11.11	0.0	0.0	0.0	0.0	0.0	66.67	0.0	0.0	0.0	0.0	0.0	0.0	0.0	0.0	0.0	0.0	11.11	0.0	0.0	11.11	0.0	0.0	0.0	0.0	0.0	0.0	0.0	11.11	11.11	33.33	22.22	0.0	33.33	0.0	0.0	0.0	0.0	0.0	11.11	11.11	0.0	0.0	0.0	11.11	33.33	0.0	0.0	11.11
MILES	8	8.0	0.0	0.0	0.0	0.0	0.0	0.0	0.0	0.0	0.0	0.0	0.0	0.0	0.0	12.50	0.0	0.0	12.50	0.0	0.0	12.50	0.0	12.50	0.0	0.0	0.0	12.50	50.00	0.0	0.0	12.50	0.0	0.0	0.0	0.0	0.0	87.50	0.0	0.0	0.0	0.0	0.0	0.0	25.00	0.0	0.0	0.0	12.50	0.0	0.0	0.0	12.50	12.50	0.0	0.0	12.50	0.0	0.0	12.50	25.00	0.0	25.00	0.0	25.00	0.0	0.0	0.0	0.0	0.0	12.50	0.0	0.0	0.0	0.0	25.00	12.50	12.50	0.0	0.0
JAKE	10	10.0	0.0	0.0	0.0	0.0	0.0	0.0	0.0	0.0	0.0	0.0	0.0	0.0	0.0	10.00	0.0	10.00	20.00	0.0	0.0	0.0	10.00	10.00	0.0	0.0	0.0	10.00	30.00	0.0	0.0	10.00	0.0	0.0	0.0	0.0	0.0	70.00	0.0	0.0	0.0	0.0	0.0	0.0	10.00	0.0	0.0	0.0	10.00	0.0	0.0	0.0	10.00	10.00	10.00	0.0	10.00	0.0	10.00	10.00	20.00	0.0	20.00	0.0	20.00	0.0	0.0	0.0	0.0	0.0	10.00	0.0	0.0	0.0	0.0	20.00	10.00	10.00	0.0	0.0
MILES	49	49.0	0.0	2.04	0.0	0.0	0.0	0.0	0.0	0.0	0.0	0.0	0.0	0.0	0.0	10.20	2.04	4.08	6.12	0.0	0.0	8.16	2.04	16.33	4.08	2.04	0.0	0.0	18.37	4.08	0.0	6.12	0.0	0.0	0.0	0.0	0.0	63.27	6.12	0.0	0.0	0.0	0.0	2.04	12.24	0.0	0.0	0.0	6.12	0.0	0.0	6.12	0.0	0.0	0.0	0.0	10.20	2.04	6.12	12.24	16.33	6.12	18.37	0.0	16.33	0.0	0.0	2.04	4.08	0.0	12.24	6.12	2.04	0.0	0.0	4.08	20.41	8.16	0.0	2.04
JAKE	7	7.0	0.0	0.0	0.0	0.0	0.0	0.0	0.0	0.0	0.0	0.0	0.0	0.0	0.0	28.57	0.0	0.0	0.0	0.0	0.0	14.29	0.0	0.0	0.0	0.0	0.0	0.0	14.29	0.0	0.0	0.0	0.0	0.0	0.0	0.0	0.0	57.14	0.0	0.0	0.0	0.0	0.0	0.0	14.29	0.0	0.0	0.0	0.0	14.29	0.0	14.29	0.0	0.0	0.0	0.0	0.0	0.0	0.0	28.57	14.29	14.29	28.57	0.0	42.86	0.0	0.0	0.0	0.0	0.0	28.57	14.29	0.0	0.0	0.0	14.29	14.29	28.57	0.0	0.0
MILES	27	27.0	0.0	0.0	0.0	0.0	0.0	0.0	0.0	0.0	0.0	0.0	0.0	3.70	0.0	0.0	0.0	14.81	14.81	11.11	0.0	3.70	3.70	11.11	14.81	11.11	0.0	0.0	11.11	3.70	0.0	0.0	7.41	0.0	0.0	0.0	0.0	62.96	0.0	3.70	0.0	0.0	0.0	14.81	3.70	0.0	0.0	0.0	0.0	0.0	0.0	0.0	3.70	11.11	3.70	0.0	0.0	0.0	3.70	25.93	11.11	14.81	25.93	0.0	14.81	0.0	0.0	0.0	0.0	0.0	11.11	3.70	11.11	0.0	0.0	7.41	14.81	7.41	0.0	3.70
JAKE	22	22.0	0.0	0.0	0.0	0.0	0.0	0.0	0.0	0.0	0.0	0.0	0.0	0.0	0.0	13.64	0.0	0.0	4.55	4.55	0.0	9.09	0.0	18.18	4.55	0.0	0.0	4.55	13.64	4.55	0.0	4.55	9.09	0.0	0.0	0.0	0.0	77.27	0.0	0.0	0.0	0.0	0.0	9.09	0.0	0.0	0.0	0.0	13.64	0.0	4.55	4.55	4.55	4.55	0.0	0.0	0.0	0.0	0.0	18.18	18.18	18.18	31.82	0.0	4.55	0.0	0.0	0.0	4.55	0.0	9.09	0.0	4.55	4.55	0.0	0.0	18.18	0.0	0.0	9.09
GORDO	3	3.0	0.0	0.0	0.0	0.0	0.0	0.0	0.0	0.0	0.0	0.0	0.0	0.0	0.0	33.33	0.0	0.0	0.0	0.0	0.0	0.0	33.33	0.0	0.0	0.0	0.0	0.0	0.0	0.0	0.0	0.0	0.0	0.0	0.0	0.0	0.0	33.33	0.0	0.0	0.0	0.0	0.0	0.0	0.0	0.0	0.0	0.0	33.33	0.0	0.0	0.0	0.0	0.0	0.0	0.0	0.0	0.0	0.0	0.0	0.0	0.0	33.33	0.0	0.0	0.0	0.0	0.0	0.0	0.0	0.0	0.0	0.0	0.0	0.0	0.0	0.0	0.0	0.0	0.0
JAKE	9	9.0	0.0	0.0	0.0	0.0	0.0	0.0	0.0	0.0	0.0	0.0	0.0	11.11	0.0	0.0	0.0	0.0	0.0	0.0	0.0	0.0	0.0	22.22	0.0	0.0	0.0	0.0	44.44	11.11	0.0	0.0	33.33	0.0	0.0	0.0	0.0	111.11	0.0	0.0	0.0	0.0	0.0	0.0	11.11	0.0	0.0	0.0	0.0	0.0	0.0	0.0	22.22	0.0	0.0	0.0	0.0	0.0	0.0	44.44	22.22	22.22	44.44	11.11	22.22	0.0	0.0	0.0	0.0	0.0	44.44	22.22	0.0	11.11	0.0	0.0	22.22	0.0	0.0	44.44
LILY	2	2.0	0.0	0.0	0.0	0.0	0.0	0.0	0.0	0.0	0.0	0.0	0.0	0.0	0.0	0.0	0.0	0.0	0.0	0.0	0.0	0.0	0.0	50.00	0.0	0.0	0.0	0.0	0.0	0.0	0.0	0.0	0.0	0.0	0.0	0.0	0.0	150.00	0.0	0.0	0.0	0.0	0.0	100.00	0.0	0.0	0.0	0.0	0.0	0.0	0.0	0.0	0.0	0.0	0.0	0.0	0.0	0.0	0.0	100.00	50.00	50.00	100.00	0.0	50.00	0.0	0.0	0.0	0.0	0.0	0.0	50.00	0.0	0.0	0.0	0.0	50.00	0.0	0.0	0.0
JAKE	25	25.0	0.0	0.0	0.0	0.0	0.0	0.0	0.0	0.0	0.0	0.0	0.0	0.0	0.0	8.00	0.0	4.00	12.00	8.00	0.0	4.00	0.0	8.00	8.00	4.00	0.0	0.0	20.00	8.00	0.0	4.00	4.00	0.0	4.00	0.0	0.0	60.00	0.0	0.0	0.0	0.0	0.0	12.00	8.00	0.0	0.0	4.00	8.00	0.0	4.00	4.00	0.0	8.00	0.0	0.0	16.00	4.00	4.00	16.00	12.00	0.0	24.00	0.0	16.00	0.0	0.0	0.0	4.00	0.0	8.00	8.00	8.00	0.0	4.00	4.00	16.00	0.0	0.0	0.0
JAKE	8	8.0	0.0	0.0	0.0	0.0	0.0	0.0	0.0	0.0	0.0	0.0	0.0	0.0	0.0	0.0	12.50	12.50	0.0	0.0	0.0	0.0	12.50	12.50	0.0	0.0	12.50	0.0	25.00	12.50	0.0	0.0	0.0	0.0	0.0	0.0	0.0	62.50	0.0	0.0	0.0	0.0	0.0	0.0	12.50	0.0	0.0	0.0	37.50	0.0	0.0	0.0	0.0	0.0	0.0	0.0	0.0	0.0	0.0	0.0	12.50	12.50	37.50	0.0	12.50	0.0	0.0	0.0	0.0	0.0	0.0	12.50	0.0	0.0	0.0	0.0	12.50	0.0	12.50	0.0
BUTCH	5	5.0	0.0	0.0	0.0	0.0	0.0	0.0	0.0	0.0	0.0	0.0	0.0	0.0	0.0	20.00	0.0	20.00	0.0	0.0	0.0	0.0	0.0	20.00	0.0	0.0	0.0	0.0	20.00	20.00	0.0	0.0	20.00	0.0	0.0	0.0	0.0	80.00	0.0	0.0	0.0	0.0	0.0	0.0	0.0	0.0	0.0	0.0	20.00	0.0	0.0	0.0	0.0	0.0	0.0	0.0	20.00	0.0	0.0	0.0	0.0	0.0	20.00	0.0	0.0	0.0	0.0	0.0	0.0	0.0	0.0	0.0	0.0	0.0	0.0	0.0	20.00	0.0	0.0	0.0
JAKE	8	8.0	0.0	0.0	0.0	0.0	0.0	0.0	0.0	0.0	0.0	0.0	0.0	0.0	0.0	12.50	0.0	12.50	0.0	0.0	0.0	0.0	0.0	12.50	0.0	0.0	0.0	12.50	12.50	12.50	0.0	0.0	0.0	0.0	0.0	0.0	0.0	75.00	0.0	0.0	0.0	0.0	0.0	12.50	0.0	0.0	0.0	0.0	12.50	0.0	0.0	0.0	12.50	0.0	0.0	0.0	12.50	0.0	0.0	12.50	25.00	0.0	25.00	0.0	25.00	0.0	0.0	0.0	0.0	0.0	0.0	0.0	0.0	0.0	0.0	25.00	12.50	0.0	0.0	0.0
MOONAN	5	5.0	0.0	0.0	0.0	0.0	0.0	0.0	0.0	0.0	0.0	0.0	0.0	0.0	0.0	60.00	0.0	0.0	20.00	0.0	0.0	0.0	0.0	0.0	0.0	0.0	0.0	0.0	0.0	0.0	0.0	0.0	0.0	0.0	0.0	0.0	0.0	0.0	0.0	0.0	0.0	0.0	20.00	0.0	0.0	0.0	0.0	0.0	0.0	0.0	0.0	0.0	0.0	0.0	0.0	0.0	0.0	0.0	20.00	0.0	0.0	0.0	0.0	0.0	0.0	0.0	0.0	0.0	0.0	0.0	20.00	0.0	0.0	0.0	0.0	0.0	0.0	0.0	20.00	0.0
ROTTOVICH	2	2.0	0.0	0.0	0.0	0.0	0.0	0.0	0.0	0.0	0.0	0.0	0.0	0.0	0.0	50.00	0.0	0.0	50.00	0.0	0.0	0.0	0.0	0.0	0.0	0.0	0.0	0.0	0.0	0.0	0.0	0.0	0.0	0.0	0.0	0.0	0.0	0.0	0.0	0.0	0.0	0.0	0.0	0.0	0.0	0.0	0.0	0.0	0.0	0.0	0.0	0.0	0.0	0.0	0.0	0.0	0.0	0.0	50.00	0.0	0.0	0.0	0.0	0.0	0.0	0.0	0.0	0.0	0.0	0.0	0.0	0.0	0.0	0.0	0.0	0.0	0.0	0.0	50.00	0.0
MOONAN	17	17.0	0.0	0.0	0.0	0.0	0.0	0.0	0.0	0.0	0.0	0.0	0.0	0.0	0.0	35.29	0.0	0.0	5.88	0.0	0.0	0.0	0.0	23.53	0.0	0.0	0.0	0.0	11.76	5.88	0.0	5.88	0.0	0.0	0.0	0.0	0.0	52.94	5.88	0.0	0.0	0.0	0.0	11.76	5.88	0.0	0.0	0.0	5.88	0.0	5.88	0.0	0.0	0.0	0.0	0.0	0.0	5.88	5.88	17.65	5.88	11.76	23.53	0.0	0.0	0.0	0.0	5.88	0.0	0.0	5.88	0.0	0.0	0.0	0.0	0.0	23.53	0.0	11.76	5.88
SOBOZINSKI	1	1.0	0.0	0.0	0.0	0.0	0.0	0.0	0.0	0.0	0.0	0.0	0.0	0.0	0.0	0.0	0.0	0.0	0.0	0.0	0.0	0.0	0.0	0.0	0.0	0.0	0.0	0.0	0.0	0.0	0.0	0.0	0.0	0.0	0.0	0.0	0.0	100.00	0.0	0.0	0.0	0.0	0.0	0.0	0.0	0.0	0.0	0.0	100.00	0.0	0.0	0.0	0.0	0.0	0.0	0.0	0.0	0.0	0.0	0.0	0.0	0.0	100.00	0.0	0.0	0.0	0.0	0.0	0.0	0.0	100.00	0.0	0.0	0.0	0.0	0.0	0.0	0.0	0.0	0.0
MOONAN	49	49.0	0.0	0.0	0.0	0.0	0.0	0.0	0.0	0.0	0.0	0.0	0.0	0.0	0.0	12.24	0.0	2.04	4.08	0.0	0.0	16.33	0.0	8.16	2.04	2.04	0.0	0.0	10.20	4.08	2.04	2.04	0.0	0.0	0.0	0.0	2.04	53.06	0.0	0.0	0.0	0.0	4.08	4.08	4.08	0.0	0.0	2.04	4.08	0.0	0.0	0.0	0.0	2.04	0.0	0.0	4.08	2.04	2.04	8.16	10.20	6.12	12.24	2.04	10.20	0.0	0.0	2.04	0.0	4.08	10.20	2.04	0.0	2.04	0.0	8.16	10.20	0.0	0.0	0.0
MOONAN	71	71.0	0.0	0.0	0.0	0.0	0.0	0.0	0.0	0.0	0.0	0.0	0.0	0.0	0.0	16.90	0.0	7.04	2.82	0.0	0.0	9.86	0.0	11.27	2.82	0.0	1.41	1.41	9.86	5.63	0.0	0.0	1.41	0.0	0.0	0.0	1.41	66.20	0.0	0.0	0.0	1.41	1.41	7.04	2.82	2.82	0.0	1.41	1.41	0.0	0.0	0.0	1.41	1.41	0.0	4.23	7.04	5.63	1.41	12.68	12.68	5.63	14.08	4.23	12.68	0.0	0.0	2.82	0.0	4.23	9.86	5.63	0.0	1.41	0.0	5.63	12.68	0.0	0.0	1.41
ROTTOVICH	11	11.0	0.0	0.0	0.0	0.0	0.0	0.0	0.0	0.0	0.0	0.0	0.0	0.0	0.0	18.18	0.0	9.09	9.09	0.0	0.0	0.0	0.0	18.18	0.0	0.0	0.0	0.0	18.18	0.0	0.0	0.0	0.0	0.0	0.0	0.0	0.0	54.55	0.0	0.0	0.0	0.0	0.0	0.0	9.09	0.0	0.0	9.09	9.09	0.0	0.0	0.0	9.09	0.0	0.0	0.0	0.0	9.09	9.09	27.27	9.09	36.36	36.36	0.0	0.0	0.0	0.0	9.09	0.0	0.0	36.36	0.0	0.0	0.0	0.0	0.0	36.36	9.09	9.09	18.18
ROTTOVICH	36	36.0	0.0	0.0	0.0	0.0	0.0	0.0	0.0	0.0	0.0	0.0	0.0	0.0	0.0	11.11	0.0	5.56	5.56	2.78	0.0	8.33	0.0	16.67	8.33	0.0	2.78	0.0	16.67	5.56	0.0	2.78	2.78	0.0	2.78	0.0	0.0	63.89	2.78	8.33	0.0	0.0	0.0	0.0	2.78	0.0	0.0	2.78	2.78	0.0	2.78	0.0	2.78	2.78	0.0	11.11	0.0	5.56	2.78	5.56	8.33	11.11	8.33	2.78	5.56	0.0	0.0	2.78	0.0	0.0	5.56	5.56	0.0	8.33	0.0	0.0	19.44	2.78	0.0	2.78
MOONAN	13	13.0	0.0	0.0	0.0	0.0	0.0	0.0	0.0	0.0	0.0	0.0	0.0	0.0	0.0	46.15	0.0	0.0	7.69	0.0	0.0	7.69	15.38	0.0	0.0	0.0	0.0	0.0	15.38	0.0	0.0	0.0	0.0	0.0	0.0	0.0	0.0	30.77	0.0	0.0	0.0	0.0	7.69	7.69	0.0	0.0	7.69	0.0	0.0	0.0	0.0	0.0	0.0	7.69	0.0	7.69	7.69	7.69	0.0	7.69	7.69	0.0	7.69	0.0	15.38	0.0	0.0	7.69	0.0	0.0	15.38	15.38	0.0	7.69	0.0	0.0	7.69	0.0	0.0	0.0
MOONAN	68	68.0	0.0	0.0	0.0	0.0	0.0	0.0	0.0	0.0	0.0	0.0	0.0	1.47	0.0	7.35	4.41	7.35	5.88	1.47	0.0	10.29	1.47	8.82	1.47	1.47	0.0	1.47	14.71	5.88	0.0	1.47	4.41	0.0	0.0	0.0	1.47	66.18	0.0	0.0	0.0	0.0	4.41	8.82	0.0	0.0	0.0	5.88	5.88	0.0	0.0	1.47	0.0	1.47	0.0	2.94	7.35	0.0	4.41	19.12	7.35	11.76	25.00	1.47	19.12	0.0	0.0	0.0	0.0	5.88	17.65	4.41	1.47	1.47	0.0	13.24	19.12	0.0	0.0	4.41
SOBOZINSKI	4	4.0	0.0	0.0	0.0	0.0	0.0	0.0	0.0	0.0	0.0	0.0	0.0	0.0	0.0	0.0	0.0	0.0	0.0	0.0	0.0	0.0	0.0	25.00	0.0	0.0	0.0	0.0	25.00	0.0	0.0	25.00	0.0	0.0	0.0	0.0	0.0	75.00	0.0	0.0	0.0	0.0	0.0	0.0	0.0	0.0	0.0	0.0	25.00	0.0	0.0	0.0	0.0	0.0	0.0	0.0	0.0	0.0	0.0	25.00	0.0	50.00	50.00	0.0	0.0	0.0	0.0	0.0	0.0	0.0	25.00	0.0	0.0	0.0	0.0	0.0	50.00	0.0	0.0	25.00
MOONAN	75	75.0	0.0	0.0	0.0	0.0	0.0	0.0	0.0	0.0	0.0	0.0	0.0	0.0	0.0	8.00	0.0	5.33	2.67	1.33	0.0	2.67	0.0	14.67	1.33	1.33	0.0	5.33	22.67	4.00	0.0	4.00	1.33	0.0	0.0	0.0	0.0	77.33	4.00	0.0	1.33	0.0	2.67	8.00	9.33	0.0	0.0	0.0	10.67	0.0	1.33	4.00	1.33	1.33	1.33	1.33	2.67	1.33	1.33	24.00	20.00	13.33	34.67	2.67	18.67	0.0	0.0	0.0	0.0	4.00	21.33	9.33	1.33	5.33	0.0	5.33	21.33	0.0	1.33	12.00
SOBOZINSKI	7	7.0	0.0	0.0	0.0	0.0	0.0	0.0	0.0	0.0	0.0	0.0	0.0	0.0	0.0	0.0	0.0	0.0	0.0	0.0	0.0	0.0	0.0	14.29	0.0	0.0	0.0	0.0	14.29	0.0	0.0	0.0	0.0	0.0	0.0	0.0	0.0	85.71	0.0	0.0	0.0	0.0	0.0	0.0	14.29	0.0	0.0	0.0	28.57	0.0	0.0	0.0	0.0	0.0	0.0	0.0	0.0	0.0	0.0	14.29	28.57	28.57	42.86	0.0	14.29	0.0	0.0	0.0	0.0	0.0	14.29	14.29	0.0	0.0	0.0	0.0	28.57	0.0	0.0	14.29
MOONAN	3	3.0	0.0	0.0	0.0	0.0	0.0	0.0	0.0	0.0	0.0	0.0	0.0	0.0	0.0	0.0	0.0	0.0	33.33	0.0	0.0	0.0	0.0	0.0	0.0	0.0	0.0	0.0	33.33	0.0	0.0	0.0	0.0	0.0	0.0	0.0	0.0	33.33	0.0	0.0	0.0	0.0	0.0	0.0	0.0	0.0	0.0	0.0	0.0	0.0	0.0	0.0	0.0	0.0	0.0	0.0	0.0	0.0	33.33	0.0	33.33	0.0	0.0	0.0	0.0	0.0	0.0	0.0	0.0	0.0	0.0	0.0	0.0	0.0	0.0	0.0	0.0	0.0	0.0	0.0
SOBOZINSKI	2	2.0	0.0	0.0	0.0	0.0	0.0	0.0	0.0	0.0	0.0	0.0	0.0	0.0	0.0	0.0	0.0	0.0	0.0	0.0	0.0	0.0	0.0	50.00	0.0	0.0	0.0	0.0	0.0	0.0	0.0	0.0	0.0	0.0	0.0	0.0	0.0	150.00	0.0	0.0	0.0	0.0	0.0	0.0	0.0	0.0	0.0	0.0	150.00	0.0	0.0	0.0	0.0	0.0	0.0	0.0	0.0	0.0	0.0	0.0	0.0	50.00	150.00	0.0	0.0	0.0	0.0	0.0	0.0	0.0	0.0	0.0	0.0	0.0	0.0	0.0	50.00	0.0	0.0	0.0
MOONAN	6	6.0	0.0	0.0	0.0	0.0	0.0	0.0	0.0	0.0	0.0	0.0	0.0	0.0	0.0	16.67	0.0	0.0	0.0	0.0	0.0	16.67	0.0	0.0	0.0	0.0	0.0	0.0	16.67	0.0	0.0	0.0	16.67	0.0	0.0	0.0	0.0	66.67	0.0	0.0	0.0	0.0	0.0	0.0	0.0	0.0	0.0	0.0	16.67	0.0	0.0	0.0	16.67	0.0	0.0	0.0	0.0	0.0	0.0	0.0	16.67	16.67	16.67	0.0	16.67	0.0	0.0	0.0	0.0	0.0	16.67	16.67	0.0	0.0	0.0	0.0	16.67	0.0	0.0	0.0
ROTTOVICH	17	17.0	0.0	0.0	0.0	0.0	0.0	0.0	0.0	0.0	0.0	0.0	0.0	0.0	0.0	0.0	0.0	17.65	0.0	0.0	0.0	0.0	0.0	11.76	0.0	0.0	5.88	0.0	23.53	11.76	0.0	5.88	11.76	0.0	5.88	0.0	0.0	70.59	0.0	0.0	0.0	0.0	0.0	0.0	5.88	0.0	0.0	0.0	0.0	0.0	0.0	5.88	5.88	0.0	0.0	0.0	0.0	5.88	0.0	23.53	11.76	17.65	23.53	0.0	23.53	0.0	0.0	0.0	0.0	11.76	23.53	11.76	0.0	5.88	0.0	5.88	17.65	5.88	0.0	5.88
MOONAN	18	18.0	0.0	0.0	0.0	0.0	0.0	0.0	0.0	0.0	0.0	0.0	0.0	0.0	0.0	5.56	0.0	0.0	0.0	0.0	0.0	5.56	0.0	11.11	0.0	0.0	0.0	0.0	22.22	5.56	0.0	5.56	5.56	0.0	0.0	0.0	0.0	77.78	0.0	0.0	0.0	0.0	0.0	5.56	11.11	0.0	0.0	0.0	11.11	0.0	0.0	11.11	0.0	0.0	0.0	0.0	0.0	0.0	0.0	22.22	22.22	16.67	33.33	0.0	22.22	0.0	0.0	0.0	0.0	11.11	16.67	11.11	0.0	5.56	0.0	0.0	16.67	5.56	0.0	0.0
SOBOZINSKI	11	11.0	0.0	0.0	0.0	0.0	0.0	0.0	0.0	0.0	0.0	0.0	0.0	0.0	0.0	0.0	0.0	0.0	9.09	0.0	0.0	9.09	0.0	27.27	18.18	9.09	0.0	18.18	18.18	0.0	0.0	9.09	0.0	0.0	0.0	0.0	0.0	63.64	9.09	9.09	0.0	0.0	9.09	0.0	0.0	0.0	0.0	0.0	9.09	0.0	0.0	0.0	0.0	9.09	0.0	0.0	9.09	0.0	0.0	9.09	9.09	9.09	18.18	0.0	9.09	0.0	0.0	0.0	9.09	0.0	18.18	9.09	9.09	0.0	0.0	0.0	27.27	0.0	0.0	9.09
MOONAN	38	38.0	0.0	0.0	0.0	0.0	0.0	0.0	0.0	0.0	0.0	0.0	0.0	0.0	0.0	15.79	5.26	0.0	13.16	0.0	0.0	5.26	0.0	10.53	0.0	0.0	0.0	0.0	13.16	5.26	0.0	0.0	5.26	2.63	0.0	0.0	0.0	52.63	2.63	0.0	0.0	0.0	2.63	2.63	2.63	0.0	2.63	0.0	10.53	0.0	0.0	0.0	2.63	2.63	0.0	0.0	0.0	0.0	10.53	10.53	5.26	18.42	21.05	5.26	0.0	0.0	0.0	0.0	0.0	2.63	15.79	0.0	0.0	0.0	0.0	0.0	21.05	0.0	0.0	5.26
MOONAN	19	19.0	0.0	0.0	0.0	0.0	0.0	0.0	0.0	0.0	0.0	0.0	0.0	0.0	0.0	5.26	5.26	5.26	10.53	0.0	0.0	5.26	0.0	21.05	0.0	0.0	0.0	0.0	10.53	0.0	0.0	0.0	0.0	0.0	0.0	0.0	0.0	68.42	5.26	0.0	0.0	0.0	5.26	5.26	10.53	0.0	0.0	0.0	5.26	5.26	0.0	5.26	5.26	0.0	0.0	5.26	0.0	0.0	10.53	15.79	15.79	21.05	21.05	5.26	15.79	0.0	0.0	0.0	0.0	0.0	21.05	10.53	0.0	0.0	0.0	0.0	26.32	0.0	0.0	10.53
JAKE	7	7.0	0.0	0.0	0.0	0.0	0.0	0.0	0.0	0.0	0.0	0.0	0.0	0.0	0.0	14.29	0.0	14.29	0.0	0.0	0.0	0.0	0.0	14.29	0.0	0.0	0.0	0.0	14.29	0.0	0.0	0.0	14.29	0.0	0.0	0.0	0.0	71.43	0.0	0.0	0.0	0.0	0.0	14.29	0.0	0.0	0.0	0.0	14.29	0.0	0.0	0.0	0.0	0.0	0.0	0.0	0.0	0.0	0.0	28.57	14.29	0.0	42.86	0.0	0.0	0.0	0.0	0.0	0.0	0.0	28.57	0.0	0.0	14.29	0.0	0.0	14.29	0.0	0.0	14.29
JAKE	21	21.0	0.0	0.0	0.0	0.0	0.0	0.0	0.0	0.0	0.0	0.0	0.0	0.0	0.0	14.29	4.76	4.76	4.76	0.0	0.0	4.76	0.0	23.81	0.0	0.0	0.0	0.0	14.29	9.52	0.0	0.0	4.76	0.0	0.0	0.0	0.0	76.19	0.0	0.0	0.0	0.0	4.76	0.0	4.76	0.0	0.0	4.76	4.76	0.0	14.29	0.0	0.0	0.0	0.0	0.0	0.0	0.0	4.76	28.57	19.05	19.05	33.33	4.76	4.76	0.0	0.0	0.0	0.0	19.05	33.33	0.0	0.0	0.0	0.0	4.76	28.57	0.0	9.52	9.52
BUTCH	9	9.0	0.0	0.0	0.0	0.0	0.0	0.0	0.0	0.0	0.0	0.0	0.0	0.0	0.0	33.33	0.0	0.0	11.11	11.11	0.0	11.11	0.0	11.11	11.11	0.0	0.0	0.0	11.11	0.0	0.0	0.0	0.0	0.0	11.11	0.0	0.0	44.44	0.0	0.0	0.0	0.0	0.0	0.0	11.11	0.0	0.0	0.0	22.22	0.0	0.0	11.11	0.0	11.11	0.0	0.0	0.0	11.11	0.0	0.0	11.11	22.22	22.22	0.0	22.22	0.0	0.0	0.0	11.11	0.0	0.0	11.11	11.11	0.0	0.0	0.0	22.22	0.0	0.0	0.0
MILES	18	18.0	0.0	0.0	0.0	0.0	0.0	0.0	0.0	0.0	0.0	0.0	0.0	0.0	0.0	0.0	0.0	5.56	0.0	0.0	0.0	11.11	0.0	16.67	0.0	0.0	5.56	0.0	22.22	0.0	0.0	0.0	0.0	0.0	5.56	0.0	0.0	77.78	0.0	0.0	0.0	0.0	5.56	5.56	11.11	0.0	0.0	5.56	11.11	0.0	0.0	5.56	5.56	0.0	0.0	5.56	0.0	5.56	0.0	16.67	11.11	27.78	27.78	0.0	11.11	0.0	0.0	0.0	0.0	0.0	22.22	5.56	0.0	0.0	0.0	0.0	27.78	11.11	0.0	0.0
LILY	4	4.0	0.0	0.0	0.0	0.0	0.0	0.0	0.0	0.0	0.0	0.0	0.0	0.0	0.0	0.0	0.0	0.0	0.0	0.0	0.0	0.0	0.0	25.00	0.0	0.0	0.0	0.0	50.00	0.0	0.0	25.00	0.0	0.0	0.0	0.0	0.0	75.00	25.00	0.0	0.0	0.0	0.0	0.0	25.00	0.0	0.0	0.0	0.0	0.0	0.0	0.0	0.0	0.0	0.0	0.0	0.0	0.0	0.0	50.00	0.0	0.0	50.00	0.0	0.0	0.0	0.0	0.0	0.0	25.00	50.00	0.0	0.0	0.0	0.0	0.0	25.00	25.00	0.0	0.0
JAKE	20	20.0	0.0	0.0	0.0	0.0	0.0	0.0	0.0	0.0	0.0	0.0	0.0	0.0	0.0	0.0	5.00	15.00	0.0	0.0	0.0	5.00	0.0	0.0	0.0	0.0	0.0	20.00	35.00	0.0	0.0	0.0	5.00	0.0	0.0	0.0	0.0	65.00	0.0	0.0	5.00	0.0	0.0	0.0	5.00	0.0	0.0	0.0	10.00	0.0	0.0	10.00	0.0	0.0	0.0	0.0	0.0	10.00	0.0	10.00	10.00	5.00	20.00	20.00	20.00	0.0	0.0	5.00	0.0	5.00	20.00	5.00	0.0	0.0	0.0	5.00	5.00	0.0	0.0	5.00
GORDO	5	5.0	0.0	0.0	0.0	0.0	0.0	0.0	0.0	0.0	0.0	0.0	0.0	0.0	0.0	20.00	0.0	20.00	0.0	0.0	0.0	20.00	0.0	0.0	0.0	0.0	40.00	0.0	40.00	20.00	0.0	0.0	0.0	0.0	0.0	0.0	0.0	40.00	0.0	0.0	0.0	20.00	0.0	0.0	0.0	0.0	0.0	0.0	0.0	0.0	0.0	0.0	0.0	0.0	0.0	0.0	0.0	0.0	0.0	0.0	0.0	20.00	0.0	0.0	0.0	0.0	0.0	0.0	0.0	0.0	0.0	0.0	0.0	0.0	0.0	0.0	20.00	0.0	0.0	0.0
LUPUS	7	7.0	0.0	0.0	0.0	0.0	0.0	0.0	0.0	0.0	0.0	0.0	0.0	0.0	0.0	14.29	0.0	0.0	0.0	0.0	0.0	0.0	0.0	14.29	0.0	0.0	0.0	0.0	28.57	14.29	0.0	0.0	0.0	0.0	0.0	0.0	0.0	85.71	0.0	0.0	0.0	14.29	0.0	0.0	28.57	0.0	0.0	0.0	28.57	14.29	0.0	0.0	0.0	0.0	0.0	0.0	0.0	0.0	0.0	14.29	14.29	14.29	42.86	0.0	0.0	0.0	0.0	0.0	0.0	0.0	14.29	0.0	0.0	0.0	0.0	0.0	14.29	0.0	0.0	14.29
MILES	11	11.0	0.0	0.0	0.0	0.0	0.0	0.0	0.0	0.0	0.0	0.0	0.0	0.0	0.0	9.09	0.0	0.0	0.0	0.0	0.0	9.09	0.0	18.18	0.0	0.0	9.09	0.0	27.27	9.09	0.0	0.0	9.09	0.0	0.0	0.0	0.0	63.64	0.0	0.0	0.0	18.18	0.0	0.0	0.0	0.0	0.0	9.09	18.18	9.09	0.0	0.0	9.09	0.0	0.0	0.0	0.0	0.0	0.0	18.18	9.09	36.36	36.36	0.0	0.0	0.0	0.0	0.0	0.0	18.18	18.18	0.0	0.0	0.0	0.0	0.0	36.36	0.0	0.0	0.0
LILY	1	1.0	0.0	0.0	0.0	0.0	0.0	0.0	0.0	0.0	0.0	0.0	0.0	0.0	0.0	0.0	0.0	0.0	0.0	0.0	0.0	0.0	0.0	0.0	0.0	0.0	0.0	0.0	0.0	0.0	0.0	0.0	0.0	0.0	0.0	0.0	0.0	0.0	0.0	0.0	0.0	0.0	0.0	0.0	0.0	0.0	0.0	0.0	0.0	0.0	0.0	0.0	0.0	0.0	0.0	0.0	0.0	0.0	0.0	0.0	0.0	0.0	0.0	0.0	0.0	0.0	0.0	0.0	0.0	0.0	0.0	0.0	0.0	0.0	0.0	0.0	0.0	0.0	0.0	0.0
GORDO	53	53.0	1.89	0.0	0.0	0.0	1.89	0.0	0.0	0.0	0.0	0.0	0.0	0.0	0.0	9.43	0.0	3.77	1.89	0.0	0.0	9.43	0.0	9.43	5.66	1.89	0.0	0.0	11.32	5.66	0.0	1.89	5.66	1.89	0.0	0.0	0.0	49.06	0.0	1.89	0.0	3.77	0.0	0.0	0.0	1.89	1.89	1.89	3.77	0.0	0.0	1.89	1.89	0.0	0.0	0.0	0.0	0.0	1.89	9.43	7.55	16.98	13.21	0.0	20.75	0.0	0.0	0.0	0.0	0.0	13.21	13.21	0.0	1.89	0.0	5.66	18.87	1.89	0.0	7.55
JAKE	21	21.0	0.0	0.0	0.0	0.0	0.0	0.0	0.0	0.0	0.0	0.0	0.0	0.0	0.0	14.29	0.0	9.52	0.0	0.0	0.0	4.76	0.0	9.52	0.0	0.0	0.0	0.0	23.81	0.0	0.0	9.52	0.0	0.0	0.0	0.0	0.0	47.62	0.0	0.0	0.0	0.0	4.76	0.0	9.52	0.0	0.0	4.76	9.52	0.0	14.29	4.76	0.0	0.0	0.0	0.0	0.0	0.0	0.0	9.52	14.29	23.81	19.05	0.0	14.29	0.0	0.0	0.0	0.0	0.0	14.29	9.52	0.0	0.0	0.0	0.0	23.81	9.52	9.52	0.0
MILES	4	4.0	0.0	0.0	0.0	0.0	0.0	0.0	0.0	0.0	0.0	0.0	0.0	0.0	0.0	0.0	0.0	0.0	0.0	0.0	0.0	0.0	0.0	25.00	0.0	0.0	0.0	25.00	25.00	0.0	0.0	0.0	0.0	0.0	0.0	0.0	0.0	75.00	0.0	0.0	0.0	0.0	0.0	0.0	0.0	0.0	0.0	0.0	25.00	0.0	0.0	0.0	0.0	0.0	0.0	0.0	0.0	0.0	0.0	0.0	0.0	25.00	25.00	25.00	0.0	0.0	0.0	0.0	0.0	0.0	0.0	0.0	0.0	0.0	0.0	0.0	25.00	0.0	0.0	0.0
JAKE	26	26.0	0.0	0.0	0.0	0.0	0.0	0.0	0.0	0.0	0.0	0.0	0.0	0.0	0.0	3.85	0.0	0.0	0.0	0.0	0.0	15.38	0.0	15.38	0.0	0.0	0.0	0.0	3.85	3.85	0.0	0.0	3.85	0.0	0.0	0.0	0.0	57.69	7.69	0.0	0.0	3.85	0.0	7.69	0.0	0.0	0.0	0.0	0.0	0.0	7.69	0.0	3.85	0.0	0.0	3.85	0.0	0.0	0.0	15.38	7.69	7.69	15.38	0.0	0.0	0.0	0.0	0.0	0.0	0.0	11.54	0.0	0.0	0.0	0.0	0.0	19.23	3.85	7.69	3.85
LILY	3	3.0	0.0	0.0	0.0	0.0	0.0	0.0	0.0	0.0	0.0	0.0	0.0	0.0	0.0	33.33	0.0	33.33	0.0	0.0	0.0	0.0	0.0	0.0	0.0	0.0	0.0	0.0	0.0	0.0	0.0	0.0	0.0	0.0	0.0	0.0	0.0	66.67	0.0	0.0	0.0	0.0	0.0	0.0	0.0	0.0	0.0	0.0	33.33	0.0	0.0	0.0	0.0	0.0	0.0	0.0	0.0	0.0	0.0	0.0	33.33	0.0	33.33	0.0	0.0	0.0	0.0	0.0	0.0	0.0	0.0	0.0	0.0	0.0	0.0	0.0	0.0	0.0	0.0	0.0
JAKE	4	4.0	0.0	0.0	0.0	0.0	0.0	0.0	0.0	0.0	0.0	0.0	0.0	0.0	0.0	25.00	0.0	25.00	25.00	0.0	25.00	0.0	0.0	25.00	0.0	0.0	0.0	0.0	0.0	0.0	0.0	0.0	0.0	0.0	0.0	0.0	0.0	75.00	25.00	0.0	0.0	0.0	0.0	50.00	0.0	0.0	0.0	0.0	0.0	0.0	0.0	0.0	0.0	25.00	0.0	0.0	0.0	0.0	0.0	50.00	25.00	0.0	50.00	0.0	0.0	0.0	0.0	0.0	0.0	0.0	0.0	0.0	0.0	0.0	0.0	0.0	25.00	0.0	0.0	0.0
LILY	21	21.0	0.0	0.0	0.0	0.0	0.0	0.0	0.0	0.0	0.0	0.0	0.0	0.0	0.0	9.52	0.0	14.29	4.76	4.76	0.0	9.52	0.0	9.52	0.0	0.0	0.0	0.0	23.81	4.76	0.0	4.76	9.52	0.0	0.0	0.0	0.0	66.67	0.0	0.0	4.76	0.0	0.0	14.29	4.76	0.0	0.0	0.0	0.0	0.0	0.0	4.76	9.52	4.76	0.0	0.0	0.0	4.76	0.0	14.29	19.05	19.05	14.29	4.76	14.29	0.0	0.0	0.0	0.0	0.0	9.52	4.76	0.0	4.76	0.0	4.76	19.05	0.0	0.0	0.0
JAKE	16	16.0	0.0	0.0	0.0	0.0	0.0	0.0	0.0	0.0	0.0	0.0	0.0	0.0	0.0	12.50	0.0	6.25	6.25	0.0	0.0	6.25	0.0	0.0	6.25	6.25	0.0	0.0	25.00	6.25	0.0	0.0	18.75	0.0	0.0	0.0	6.25	56.25	0.0	0.0	6.25	0.0	0.0	0.0	6.25	0.0	0.0	0.0	6.25	0.0	0.0	0.0	0.0	6.25	0.0	0.0	0.0	6.25	0.0	18.75	12.50	6.25	25.00	0.0	12.50	0.0	6.25	0.0	0.0	0.0	25.00	12.50	0.0	12.50	0.0	0.0	6.25	0.0	0.0	18.75
KING PIN	2	2.0	0.0	0.0	0.0	0.0	0.0	0.0	0.0	0.0	0.0	0.0	0.0	0.0	0.0	0.0	0.0	50.00	0.0	0.0	0.0	0.0	0.0	0.0	0.0	0.0	50.00	0.0	50.00	50.00	0.0	0.0	0.0	0.0	0.0	0.0	0.0	100.00	0.0	0.0	0.0	0.0	0.0	0.0	0.0	0.0	0.0	0.0	0.0	0.0	0.0	0.0	0.0	0.0	0.0	0.0	0.0	0.0	0.0	0.0	0.0	0.0	0.0	50.00	0.0	0.0	0.0	0.0	0.0	0.0	0.0	0.0	0.0	0.0	0.0	0.0	0.0	0.0	0.0	0.0
JAKE	4	4.0	0.0	0.0	0.0	0.0	0.0	0.0	0.0	0.0	0.0	0.0	0.0	0.0	0.0	25.00	0.0	0.0	0.0	0.0	0.0	0.0	0.0	0.0	0.0	0.0	0.0	0.0	25.00	0.0	0.0	0.0	0.0	0.0	0.0	0.0	0.0	75.00	0.0	0.0	0.0	0.0	0.0	25.00	0.0	0.0	0.0	25.00	0.0	0.0	0.0	0.0	0.0	0.0	0.0	50.00	0.0	0.0	0.0	25.00	0.0	25.00	25.00	0.0	0.0	0.0	0.0	0.0	0.0	0.0	0.0	0.0	0.0	0.0	0.0	0.0	25.00	0.0	0.0	0.0
KING PIN	20	20.0	0.0	0.0	0.0	0.0	0.0	0.0	0.0	0.0	0.0	0.0	0.0	0.0	0.0	10.00	0.0	0.0	0.0	0.0	0.0	0.0	0.0	15.00	0.0	0.0	0.0	0.0	10.00	10.00	0.0	10.00	5.00	0.0	0.0	0.0	0.0	75.00	0.0	0.0	0.0	0.0	5.00	5.00	0.0	0.0	0.0	0.0	10.00	0.0	0.0	10.00	0.0	0.0	0.0	10.00	0.0	0.0	0.0	20.00	10.00	25.00	30.00	0.0	15.00	0.0	0.0	0.0	0.0	5.00	20.00	0.0	0.0	5.00	0.0	5.00	25.00	0.0	0.0	10.00
JAKE	6	6.0	0.0	0.0	0.0	0.0	0.0	0.0	0.0	0.0	0.0	0.0	0.0	0.0	0.0	0.0	0.0	0.0	0.0	0.0	0.0	0.0	0.0	0.0	0.0	0.0	0.0	0.0	16.67	0.0	0.0	16.67	0.0	0.0	0.0	0.0	0.0	66.67	0.0	0.0	0.0	0.0	0.0	33.33	0.0	0.0	0.0	0.0	0.0	0.0	0.0	0.0	0.0	0.0	0.0	0.0	0.0	0.0	0.0	50.00	16.67	16.67	50.00	0.0	0.0	0.0	0.0	0.0	0.0	0.0	16.67	0.0	0.0	0.0	0.0	0.0	16.67	0.0	0.0	16.67
KING PIN	2	2.0	0.0	0.0	0.0	0.0	0.0	0.0	0.0	0.0	0.0	0.0	0.0	0.0	0.0	0.0	0.0	0.0	0.0	0.0	0.0	0.0	0.0	0.0	0.0	0.0	0.0	0.0	0.0	0.0	0.0	0.0	0.0	0.0	0.0	0.0	0.0	50.00	0.0	0.0	0.0	0.0	0.0	0.0	0.0	0.0	0.0	0.0	0.0	0.0	0.0	0.0	0.0	0.0	0.0	0.0	0.0	0.0	0.0	50.00	0.0	0.0	50.00	0.0	0.0	0.0	0.0	0.0	0.0	0.0	50.00	0.0	0.0	0.0	0.0	0.0	0.0	0.0	0.0	50.00
JAKE	26	26.0	0.0	0.0	0.0	0.0	0.0	0.0	0.0	0.0	0.0	0.0	0.0	0.0	0.0	7.69	0.0	7.69	7.69	3.85	0.0	3.85	0.0	19.23	0.0	0.0	0.0	0.0	19.23	3.85	0.0	3.85	7.69	0.0	0.0	0.0	0.0	92.31	0.0	0.0	0.0	0.0	0.0	11.54	7.69	0.0	0.0	0.0	15.38	0.0	0.0	0.0	7.69	3.85	0.0	3.85	7.69	0.0	3.85	26.92	15.38	23.08	42.31	3.85	7.69	0.0	0.0	0.0	0.0	0.0	15.38	3.85	0.0	0.0	0.0	3.85	30.77	11.54	0.0	3.85
KING PIN	14	14.0	0.0	0.0	0.0	0.0	0.0	0.0	0.0	0.0	0.0	0.0	0.0	0.0	0.0	14.29	0.0	0.0	7.14	7.14	0.0	0.0	0.0	7.14	7.14	0.0	0.0	0.0	7.14	7.14	0.0	7.14	7.14	0.0	0.0	0.0	0.0	78.57	0.0	0.0	0.0	0.0	0.0	7.14	0.0	0.0	0.0	0.0	28.57	0.0	7.14	0.0	0.0	7.14	0.0	0.0	0.0	0.0	0.0	21.43	14.29	28.57	50.00	7.14	14.29	0.0	0.0	0.0	7.14	0.0	14.29	7.14	7.14	7.14	0.0	7.14	28.57	0.0	0.0	14.29
JAKE	4	4.0	0.0	0.0	0.0	0.0	0.0	0.0	0.0	0.0	0.0	0.0	0.0	0.0	0.0	75.00	25.00	0.0	0.0	0.0	0.0	0.0	0.0	0.0	0.0	0.0	0.0	0.0	0.0	0.0	0.0	0.0	0.0	0.0	0.0	0.0	0.0	50.00	0.0	0.0	0.0	0.0	0.0	0.0	0.0	0.0	0.0	0.0	0.0	0.0	0.0	0.0	50.00	0.0	0.0	0.0	0.0	0.0	0.0	0.0	0.0	0.0	0.0	0.0	0.0	0.0	0.0	0.0	0.0	0.0	0.0	0.0	0.0	0.0	0.0	0.0	0.0	0.0	0.0	0.0
KING PIN	12	12.0	0.0	0.0	0.0	0.0	0.0	0.0	0.0	0.0	0.0	0.0	0.0	8.33	0.0	16.67	0.0	0.0	0.0	0.0	0.0	8.33	0.0	16.67	8.33	8.33	0.0	0.0	8.33	0.0	0.0	0.0	0.0	0.0	0.0	0.0	0.0	50.00	0.0	0.0	0.0	0.0	0.0	16.67	0.0	0.0	0.0	0.0	0.0	0.0	0.0	0.0	0.0	0.0	0.0	0.0	0.0	0.0	0.0	16.67	8.33	16.67	16.67	0.0	8.33	0.0	0.0	0.0	0.0	0.0	16.67	8.33	0.0	0.0	0.0	0.0	16.67	0.0	0.0	0.0
LILY	5	5.0	20.00	0.0	0.0	0.0	20.00	0.0	0.0	0.0	0.0	0.0	0.0	0.0	0.0	0.0	20.00	0.0	0.0	0.0	0.0	0.0	0.0	0.0	0.0	0.0	0.0	0.0	20.00	0.0	0.0	0.0	0.0	0.0	0.0	0.0	0.0	20.00	0.0	0.0	0.0	0.0	20.00	20.00	0.0	0.0	0.0	20.00	0.0	0.0	0.0	0.0	0.0	0.0	0.0	0.0	0.0	0.0	0.0	20.00	0.0	20.00	20.00	0.0	0.0	0.0	0.0	0.0	0.0	0.0	20.00	0.0	0.0	0.0	0.0	0.0	20.00	0.0	0.0	0.0
JAKE	14	14.0	0.0	0.0	0.0	0.0	0.0	0.0	0.0	0.0	0.0	0.0	0.0	0.0	0.0	7.14	0.0	14.29	0.0	0.0	0.0	0.0	0.0	7.14	0.0	0.0	0.0	0.0	35.71	0.0	0.0	0.0	14.29	0.0	0.0	0.0	0.0	57.14	7.14	0.0	0.0	0.0	0.0	7.14	0.0	0.0	0.0	7.14	14.29	0.0	0.0	0.0	0.0	0.0	0.0	0.0	7.14	0.0	0.0	14.29	0.0	7.14	28.57	7.14	0.0	0.0	0.0	0.0	0.0	0.0	14.29	0.0	0.0	21.43	0.0	0.0	21.43	0.0	7.14	7.14
KING PIN	3	3.0	33.33	0.0	0.0	0.0	33.33	0.0	0.0	0.0	0.0	0.0	0.0	0.0	0.0	33.33	0.0	0.0	0.0	0.0	0.0	0.0	0.0	0.0	0.0	0.0	0.0	0.0	0.0	0.0	0.0	0.0	0.0	0.0	0.0	0.0	0.0	0.0	0.0	0.0	33.33	0.0	0.0	0.0	0.0	0.0	0.0	0.0	0.0	0.0	0.0	0.0	0.0	0.0	0.0	0.0	0.0	33.33	0.0	0.0	0.0	33.33	0.0	0.0	0.0	0.0	0.0	0.0	0.0	0.0	33.33	0.0	0.0	0.0	0.0	0.0	33.33	0.0	0.0	0.0
JAKE	66	66.0	0.0	0.0	0.0	0.0	0.0	0.0	0.0	0.0	0.0	0.0	0.0	0.0	0.0	10.61	1.52	7.58	3.03	0.0	0.0	7.58	0.0	10.61	0.0	0.0	0.0	1.52	10.61	6.06	0.0	3.03	0.0	0.0	0.0	0.0	3.03	65.15	1.52	0.0	3.03	0.0	3.03	10.61	4.55	0.0	0.0	1.52	7.58	7.58	1.52	3.03	3.03	0.0	0.0	0.0	0.0	3.03	3.03	21.21	9.09	15.15	28.79	3.03	15.15	0.0	0.0	0.0	0.0	1.52	21.21	6.06	0.0	0.0	0.0	6.06	19.70	3.03	1.52	6.06
KING PIN	4	4.0	0.0	0.0	0.0	0.0	0.0	0.0	0.0	0.0	0.0	0.0	0.0	0.0	0.0	0.0	0.0	0.0	0.0	0.0	0.0	0.0	0.0	0.0	25.00	25.00	0.0	0.0	0.0	0.0	0.0	0.0	0.0	0.0	0.0	0.0	0.0	50.00	0.0	0.0	0.0	0.0	0.0	0.0	0.0	0.0	0.0	0.0	0.0	0.0	0.0	0.0	0.0	0.0	0.0	0.0	0.0	0.0	0.0	25.00	25.00	25.00	25.00	0.0	25.00	0.0	0.0	0.0	0.0	0.0	25.00	25.00	0.0	0.0	0.0	0.0	25.00	0.0	0.0	25.00
JAKE	2	2.0	0.0	0.0	0.0	0.0	0.0	0.0	0.0	0.0	0.0	0.0	0.0	0.0	0.0	0.0	0.0	0.0	0.0	0.0	0.0	0.0	0.0	0.0	0.0	0.0	0.0	0.0	0.0	0.0	0.0	0.0	0.0	0.0	0.0	0.0	0.0	50.00	0.0	0.0	0.0	0.0	0.0	50.00	0.0	0.0	0.0	0.0	0.0	0.0	0.0	0.0	0.0	0.0	0.0	0.0	0.0	0.0	0.0	50.00	0.0	0.0	50.00	0.0	0.0	0.0	0.0	0.0	0.0	0.0	50.00	0.0	0.0	0.0	0.0	0.0	0.0	0.0	0.0	0.0
KING PIN	7	7.0	0.0	0.0	0.0	0.0	0.0	0.0	0.0	0.0	0.0	0.0	0.0	0.0	0.0	14.29	0.0	0.0	14.29	14.29	0.0	0.0	0.0	0.0	28.57	14.29	0.0	0.0	0.0	0.0	0.0	0.0	0.0	0.0	0.0	0.0	0.0	42.86	0.0	0.0	14.29	0.0	0.0	14.29	0.0	0.0	0.0	0.0	0.0	0.0	0.0	0.0	0.0	14.29	0.0	0.0	14.29	14.29	0.0	28.57	14.29	14.29	28.57	0.0	14.29	0.0	0.0	0.0	14.29	0.0	28.57	14.29	14.29	0.0	0.0	0.0	28.57	0.0	0.0	14.29
JAKE	12	12.0	0.0	0.0	0.0	0.0	0.0	0.0	0.0	0.0	0.0	0.0	0.0	0.0	0.0	0.0	0.0	0.0	8.33	0.0	0.0	0.0	0.0	8.33	0.0	0.0	0.0	0.0	8.33	0.0	0.0	8.33	0.0	0.0	0.0	0.0	0.0	75.00	8.33	0.0	0.0	0.0	0.0	25.00	0.0	0.0	0.0	0.0	16.67	0.0	0.0	0.0	0.0	0.0	0.0	0.0	0.0	0.0	8.33	33.33	25.00	25.00	50.00	0.0	16.67	0.0	0.0	0.0	0.0	0.0	8.33	16.67	0.0	0.0	0.0	0.0	33.33	0.0	0.0	8.33
KING PIN	6	6.0	0.0	0.0	0.0	0.0	0.0	0.0	0.0	0.0	0.0	0.0	0.0	0.0	0.0	0.0	0.0	0.0	16.67	16.67	0.0	0.0	0.0	0.0	33.33	16.67	0.0	0.0	0.0	0.0	0.0	0.0	0.0	0.0	0.0	0.0	0.0	50.00	0.0	0.0	0.0	0.0	0.0	0.0	0.0	16.67	0.0	0.0	0.0	0.0	0.0	0.0	0.0	16.67	0.0	0.0	0.0	16.67	0.0	33.33	16.67	16.67	33.33	0.0	16.67	0.0	0.0	16.67	0.0	0.0	33.33	16.67	16.67	0.0	0.0	0.0	16.67	0.0	0.0	33.33
JAKE	17	17.0	0.0	0.0	0.0	0.0	0.0	0.0	0.0	0.0	0.0	0.0	0.0	0.0	0.0	11.76	0.0	0.0	0.0	0.0	0.0	0.0	0.0	11.76	0.0	0.0	0.0	0.0	29.41	11.76	0.0	0.0	11.76	0.0	5.88	0.0	0.0	70.59	0.0	0.0	0.0	0.0	5.88	5.88	11.76	0.0	0.0	0.0	5.88	0.0	0.0	5.88	5.88	0.0	0.0	0.0	0.0	11.76	0.0	23.53	17.65	17.65	29.41	0.0	23.53	0.0	0.0	0.0	0.0	0.0	23.53	11.76	0.0	11.76	0.0	5.88	17.65	0.0	0.0	17.65
KING PIN	4	4.0	0.0	0.0	0.0	0.0	0.0	0.0	0.0	0.0	0.0	0.0	0.0	0.0	0.0	0.0	0.0	25.00	0.0	0.0	0.0	0.0	0.0	0.0	0.0	0.0	0.0	0.0	50.00	0.0	0.0	0.0	0.0	0.0	25.00	0.0	0.0	50.00	0.0	0.0	0.0	0.0	0.0	0.0	25.00	0.0	0.0	25.00	25.00	0.0	0.0	25.00	0.0	0.0	0.0	0.0	0.0	25.00	0.0	0.0	0.0	50.00	25.00	0.0	25.00	0.0	0.0	0.0	0.0	0.0	0.0	0.0	0.0	0.0	0.0	0.0	50.00	0.0	0.0	0.0
JAKE	4	4.0	0.0	0.0	0.0	0.0	0.0	0.0	0.0	0.0	0.0	0.0	0.0	0.0	0.0	0.0	0.0	0.0	50.00	0.0	0.0	0.0	0.0	25.00	0.0	0.0	0.0	0.0	0.0	0.0	0.0	0.0	0.0	0.0	0.0	0.0	0.0	75.00	0.0	0.0	0.0	0.0	0.0	50.00	0.0	0.0	0.0	0.0	0.0	0.0	0.0	0.0	25.00	0.0	0.0	0.0	0.0	0.0	50.00	50.00	0.0	50.00	50.00	0.0	0.0	0.0	0.0	0.0	0.0	0.0	0.0	0.0	0.0	0.0	0.0	0.0	50.00	0.0	0.0	0.0
KING PIN	2	2.0	0.0	0.0	0.0	0.0	0.0	0.0	0.0	0.0	0.0	0.0	0.0	0.0	0.0	0.0	0.0	50.00	0.0	0.0	0.0	0.0	0.0	0.0	0.0	0.0	0.0	0.0	50.00	0.0	0.0	0.0	0.0	0.0	0.0	0.0	0.0	50.00	0.0	0.0	0.0	0.0	0.0	0.0	50.00	0.0	0.0	0.0	0.0	0.0	0.0	50.00	0.0	0.0	0.0	0.0	0.0	0.0	0.0	0.0	0.0	50.00	0.0	0.0	50.00	0.0	0.0	0.0	0.0	0.0	0.0	0.0	0.0	0.0	0.0	0.0	50.00	0.0	0.0	0.0
LILY	6	6.0	0.0	0.0	0.0	0.0	0.0	0.0	0.0	0.0	0.0	0.0	0.0	0.0	0.0	16.67	0.0	0.0	16.67	0.0	0.0	0.0	0.0	16.67	0.0	0.0	0.0	0.0	16.67	0.0	0.0	0.0	0.0	0.0	0.0	0.0	0.0	66.67	0.0	0.0	0.0	0.0	16.67	16.67	16.67	0.0	0.0	0.0	0.0	0.0	0.0	0.0	0.0	16.67	0.0	0.0	0.0	0.0	0.0	33.33	16.67	16.67	33.33	0.0	16.67	0.0	0.0	0.0	0.0	0.0	33.33	16.67	0.0	0.0	0.0	0.0	16.67	0.0	0.0	16.67
KING PIN	16	16.0	0.0	0.0	0.0	0.0	0.0	0.0	0.0	0.0	0.0	0.0	0.0	0.0	0.0	0.0	6.25	0.0	0.0	0.0	0.0	6.25	0.0	6.25	12.50	12.50	0.0	0.0	12.50	0.0	0.0	0.0	6.25	0.0	6.25	0.0	0.0	56.25	0.0	6.25	0.0	0.0	0.0	0.0	0.0	6.25	0.0	6.25	25.00	0.0	0.0	6.25	6.25	0.0	0.0	0.0	0.0	6.25	0.0	0.0	18.75	18.75	25.00	0.0	25.00	0.0	0.0	0.0	0.0	0.0	0.0	12.50	0.0	0.0	0.0	6.25	18.75	0.0	0.0	0.0
JAKE	5	5.0	20.00	0.0	0.0	0.0	20.00	0.0	0.0	0.0	0.0	0.0	0.0	0.0	0.0	0.0	0.0	0.0	0.0	0.0	0.0	0.0	0.0	20.00	0.0	0.0	0.0	0.0	20.00	0.0	0.0	0.0	20.00	0.0	0.0	0.0	0.0	60.00	0.0	0.0	0.0	0.0	0.0	20.00	0.0	0.0	0.0	0.0	0.0	0.0	0.0	20.00	20.00	0.0	0.0	0.0	0.0	0.0	0.0	20.00	0.0	20.00	20.00	0.0	20.00	0.0	0.0	0.0	0.0	0.0	0.0	0.0	0.0	0.0	0.0	0.0	20.00	0.0	0.0	0.0
KING PIN	3	3.0	0.0	0.0	0.0	0.0	0.0	0.0	0.0	0.0	0.0	0.0	0.0	0.0	0.0	0.0	0.0	0.0	0.0	0.0	0.0	0.0	0.0	0.0	0.0	0.0	0.0	0.0	33.33	0.0	0.0	0.0	0.0	0.0	33.33	0.0	0.0	33.33	0.0	0.0	0.0	0.0	0.0	0.0	33.33	0.0	0.0	0.0	0.0	0.0	0.0	33.33	0.0	0.0	0.0	0.0	0.0	33.33	0.0	0.0	33.33	33.33	0.0	0.0	66.67	0.0	0.0	0.0	0.0	0.0	0.0	33.33	0.0	0.0	0.0	0.0	33.33	0.0	0.0	0.0
JAKE	7	7.0	0.0	0.0	0.0	0.0	0.0	0.0	0.0	0.0	0.0	0.0	0.0	0.0	0.0	0.0	0.0	14.29	14.29	0.0	0.0	0.0	0.0	0.0	14.29	14.29	0.0	0.0	28.57	0.0	0.0	0.0	14.29	0.0	14.29	0.0	0.0	57.14	0.0	0.0	0.0	0.0	0.0	42.86	0.0	0.0	0.0	14.29	0.0	0.0	0.0	0.0	0.0	14.29	0.0	0.0	0.0	14.29	0.0	42.86	0.0	14.29	42.86	0.0	0.0	0.0	14.29	0.0	0.0	0.0	0.0	0.0	0.0	0.0	0.0	0.0	14.29	0.0	0.0	0.0
KING PIN	6	6.0	0.0	0.0	0.0	0.0	0.0	0.0	0.0	0.0	0.0	0.0	0.0	0.0	0.0	16.67	0.0	0.0	16.67	16.67	0.0	0.0	0.0	0.0	0.0	0.0	0.0	0.0	16.67	0.0	16.67	0.0	0.0	0.0	16.67	0.0	16.67	33.33	0.0	0.0	0.0	0.0	0.0	16.67	0.0	0.0	0.0	16.67	0.0	0.0	0.0	0.0	0.0	16.67	0.0	0.0	0.0	16.67	0.0	33.33	0.0	0.0	33.33	0.0	0.0	0.0	0.0	0.0	0.0	0.0	33.33	0.0	0.0	0.0	0.0	0.0	0.0	0.0	0.0	16.67
KING PIN	2	2.0	0.0	0.0	0.0	0.0	0.0	0.0	0.0	0.0	0.0	0.0	0.0	0.0	0.0	0.0	0.0	0.0	0.0	0.0	0.0	0.0	0.0	0.0	50.00	50.00	0.0	50.00	50.00	0.0	0.0	0.0	0.0	0.0	0.0	0.0	0.0	50.00	0.0	0.0	0.0	0.0	0.0	0.0	0.0	0.0	0.0	0.0	0.0	0.0	0.0	0.0	0.0	0.0	0.0	0.0	0.0	0.0	0.0	0.0	0.0	0.0	0.0	50.00	0.0	0.0	0.0	0.0	0.0	0.0	0.0	0.0	0.0	0.0	0.0	0.0	0.0	0.0	0.0	0.0
KING PIN	84	84.0	0.0	0.0	0.0	0.0	0.0	0.0	0.0	0.0	0.0	0.0	0.0	0.0	0.0	7.14	2.38	7.14	8.33	2.38	0.0	5.95	0.0	14.29	1.19	0.0	1.19	2.38	19.05	8.33	0.0	1.19	3.57	0.0	0.0	0.0	0.0	83.33	2.38	0.0	0.0	0.0	1.19	8.33	4.76	0.0	0.0	3.57	8.33	1.19	0.0	3.57	2.38	2.38	0.0	4.76	0.0	0.0	5.95	22.62	15.48	15.48	30.95	9.52	7.14	0.0	0.0	0.0	1.19	1.19	15.48	2.38	1.19	4.76	3.57	1.19	19.05	0.0	0.0	9.52
JAKE	4	4.0	0.0	0.0	0.0	0.0	0.0	0.0	0.0	0.0	0.0	0.0	0.0	0.0	0.0	0.0	0.0	0.0	0.0	0.0	0.0	0.0	0.0	0.0	0.0	0.0	0.0	25.00	25.00	0.0	0.0	0.0	0.0	0.0	0.0	0.0	0.0	75.00	0.0	0.0	0.0	0.0	0.0	0.0	0.0	0.0	0.0	0.0	25.00	0.0	0.0	0.0	0.0	0.0	0.0	0.0	0.0	0.0	0.0	25.00	0.0	25.00	50.00	25.00	0.0	0.0	0.0	0.0	0.0	0.0	25.00	0.0	0.0	0.0	0.0	0.0	25.00	0.0	0.0	25.00
BUTCH	1	1.0	0.0	0.0	0.0	0.0	0.0	0.0	0.0	0.0	0.0	0.0	0.0	0.0	0.0	0.0	0.0	0.0	100.00	0.0	0.0	0.0	0.0	0.0	0.0	0.0	0.0	0.0	0.0	0.0	0.0	0.0	0.0	0.0	0.0	0.0	0.0	0.0	0.0	0.0	0.0	0.0	0.0	0.0	0.0	0.0	0.0	0.0	0.0	0.0	0.0	0.0	0.0	0.0	0.0	0.0	0.0	0.0	100.00	0.0	0.0	0.0	0.0	0.0	0.0	0.0	0.0	0.0	0.0	0.0	0.0	0.0	0.0	0.0	0.0	0.0	0.0	0.0	0.0	0.0
JAKE	14	14.0	0.0	0.0	0.0	0.0	0.0	0.0	0.0	0.0	0.0	0.0	0.0	0.0	0.0	7.14	0.0	7.14	0.0	0.0	0.0	0.0	0.0	0.0	0.0	0.0	0.0	0.0	28.57	0.0	0.0	7.14	0.0	0.0	0.0	0.0	0.0	50.00	0.0	0.0	0.0	0.0	7.14	0.0	14.29	0.0	0.0	7.14	0.0	0.0	7.14	0.0	0.0	0.0	0.0	0.0	7.14	0.0	0.0	28.57	14.29	7.14	28.57	0.0	14.29	0.0	0.0	0.0	0.0	0.0	35.71	7.14	0.0	0.0	0.0	7.14	14.29	28.57	0.0	0.0
JAKE	14	14.0	0.0	0.0	0.0	0.0	0.0	0.0	0.0	0.0	0.0	0.0	0.0	0.0	0.0	28.57	0.0	0.0	7.14	0.0	0.0	7.14	0.0	21.43	7.14	0.0	0.0	0.0	7.14	0.0	0.0	0.0	0.0	0.0	0.0	0.0	0.0	78.57	0.0	7.14	0.0	0.0	0.0	0.0	0.0	0.0	0.0	0.0	21.43	0.0	0.0	0.0	0.0	7.14	0.0	0.0	0.0	7.14	0.0	21.43	14.29	28.57	42.86	0.0	7.14	0.0	0.0	7.14	0.0	0.0	42.86	7.14	0.0	7.14	0.0	0.0	28.57	0.0	0.0	21.43
MILES	4	4.0	0.0	0.0	0.0	0.0	0.0	0.0	0.0	0.0	0.0	0.0	0.0	0.0	0.0	50.00	0.0	0.0	0.0	0.0	0.0	0.0	0.0	0.0	0.0	0.0	0.0	0.0	0.0	0.0	0.0	0.0	0.0	0.0	0.0	0.0	0.0	0.0	0.0	0.0	0.0	0.0	0.0	0.0	0.0	0.0	0.0	0.0	0.0	0.0	25.00	0.0	0.0	0.0	0.0	0.0	0.0	0.0	0.0	0.0	0.0	0.0	0.0	0.0	0.0	0.0	0.0	0.0	0.0	0.0	0.0	0.0	0.0	0.0	0.0	0.0	0.0	0.0	25.00	0.0
JAKE	28	28.0	0.0	0.0	0.0	0.0	0.0	0.0	0.0	0.0	0.0	0.0	0.0	0.0	0.0	14.29	0.0	3.57	3.57	0.0	0.0	3.57	0.0	10.71	7.14	7.14	0.0	0.0	7.14	0.0	0.0	0.0	3.57	0.0	0.0	0.0	0.0	67.86	3.57	0.0	0.0	0.0	7.14	10.71	3.57	0.0	0.0	0.0	14.29	0.0	0.0	0.0	3.57	0.0	0.0	0.0	0.0	3.57	0.0	32.14	14.29	7.14	46.43	0.0	3.57	0.0	0.0	3.57	0.0	0.0	39.29	3.57	0.0	0.0	0.0	0.0	10.71	0.0	3.57	21.43
JAKE	1	1.0	0.0	0.0	0.0	0.0	0.0	0.0	0.0	0.0	0.0	0.0	0.0	0.0	0.0	0.0	0.0	0.0	0.0	0.0	0.0	0.0	0.0	0.0	0.0	0.0	0.0	0.0	0.0	0.0	0.0	0.0	0.0	0.0	0.0	0.0	0.0	100.00	0.0	0.0	0.0	0.0	0.0	0.0	0.0	0.0	0.0	0.0	0.0	0.0	0.0	0.0	100.00	0.0	0.0	0.0	0.0	0.0	0.0	0.0	0.0	0.0	0.0	0.0	0.0	0.0	0.0	0.0	0.0	0.0	0.0	0.0	0.0	0.0	0.0	0.0	0.0	0.0	0.0	0.0
MILES	5	5.0	0.0	0.0	0.0	0.0	0.0	0.0	0.0	0.0	0.0	0.0	0.0	0.0	0.0	60.00	0.0	0.0	0.0	0.0	0.0	0.0	0.0	0.0	0.0	0.0	0.0	0.0	0.0	0.0	0.0	0.0	0.0	0.0	0.0	0.0	0.0	0.0	0.0	0.0	0.0	0.0	0.0	0.0	0.0	0.0	0.0	0.0	0.0	0.0	20.00	0.0	0.0	0.0	0.0	0.0	0.0	0.0	0.0	0.0	0.0	0.0	0.0	0.0	20.00	0.0	0.0	0.0	0.0	0.0	0.0	20.00	0.0	0.0	0.0	0.0	0.0	0.0	40.00	0.0
JAKE	1	1.0	0.0	0.0	0.0	0.0	0.0	0.0	0.0	0.0	0.0	0.0	0.0	0.0	0.0	0.0	0.0	0.0	0.0	0.0	0.0	0.0	0.0	0.0	0.0	0.0	0.0	0.0	0.0	0.0	0.0	0.0	0.0	0.0	0.0	0.0	0.0	100.00	0.0	0.0	0.0	0.0	0.0	0.0	0.0	0.0	0.0	0.0	0.0	0.0	0.0	0.0	100.00	0.0	0.0	0.0	0.0	0.0	0.0	0.0	0.0	0.0	0.0	0.0	0.0	0.0	0.0	0.0	0.0	0.0	0.0	0.0	0.0	0.0	0.0	0.0	0.0	0.0	0.0	0.0
MILES	4	4.0	0.0	0.0	0.0	0.0	0.0	0.0	0.0	0.0	0.0	0.0	0.0	0.0	0.0	50.00	0.0	0.0	0.0	0.0	0.0	0.0	0.0	0.0	0.0	0.0	0.0	0.0	0.0	0.0	0.0	0.0	0.0	0.0	0.0	0.0	0.0	0.0	0.0	0.0	0.0	0.0	0.0	0.0	0.0	0.0	0.0	0.0	0.0	0.0	25.00	0.0	0.0	0.0	0.0	0.0	0.0	0.0	0.0	0.0	0.0	0.0	0.0	0.0	0.0	0.0	0.0	0.0	0.0	0.0	0.0	0.0	0.0	0.0	0.0	0.0	0.0	0.0	50.00	0.0
JAKE	1	1.0	0.0	0.0	0.0	0.0	0.0	0.0	0.0	0.0	0.0	0.0	0.0	0.0	0.0	0.0	0.0	0.0	0.0	0.0	0.0	0.0	0.0	0.0	0.0	0.0	0.0	0.0	0.0	0.0	0.0	0.0	0.0	0.0	0.0	0.0	0.0	100.00	0.0	0.0	0.0	0.0	0.0	0.0	0.0	0.0	0.0	0.0	0.0	0.0	0.0	0.0	100.00	0.0	0.0	0.0	0.0	0.0	0.0	0.0	0.0	0.0	0.0	0.0	0.0	0.0	0.0	0.0	0.0	0.0	0.0	0.0	0.0	0.0	0.0	0.0	0.0	0.0	0.0	0.0
MILES	6	6.0	0.0	0.0	0.0	0.0	0.0	0.0	0.0	0.0	0.0	0.0	0.0	0.0	0.0	16.67	0.0	0.0	0.0	0.0	0.0	0.0	0.0	0.0	0.0	0.0	0.0	0.0	0.0	0.0	0.0	0.0	0.0	0.0	0.0	0.0	0.0	16.67	0.0	0.0	0.0	0.0	0.0	0.0	0.0	0.0	0.0	0.0	0.0	0.0	33.33	0.0	0.0	0.0	0.0	0.0	0.0	0.0	0.0	0.0	16.67	0.0	0.0	0.0	0.0	0.0	0.0	0.0	0.0	0.0	0.0	0.0	0.0	0.0	0.0	0.0	0.0	0.0	33.33	0.0
JAKE	30	30.0	0.0	0.0	0.0	0.0	0.0	0.0	0.0	0.0	0.0	0.0	0.0	0.0	0.0	16.67	3.33	0.0	6.67	0.0	0.0	10.00	0.0	13.33	3.33	0.0	0.0	0.0	3.33	0.0	0.0	0.0	0.0	3.33	0.0	0.0	3.33	73.33	0.0	3.33	0.0	6.67	3.33	0.0	0.0	0.0	0.0	0.0	13.33	3.33	0.0	0.0	16.67	3.33	0.0	0.0	3.33	6.67	3.33	13.33	13.33	16.67	26.67	3.33	3.33	0.0	3.33	6.67	0.0	0.0	36.67	3.33	0.0	3.33	0.0	0.0	20.00	0.0	0.0	13.33
JAKE	1	1.0	0.0	0.0	0.0	0.0	0.0	0.0	0.0	0.0	0.0	0.0	0.0	0.0	0.0	0.0	0.0	0.0	0.0	0.0	0.0	0.0	0.0	0.0	0.0	0.0	0.0	0.0	0.0	0.0	0.0	0.0	0.0	0.0	0.0	0.0	0.0	100.00	0.0	0.0	0.0	0.0	0.0	0.0	0.0	0.0	0.0	0.0	0.0	0.0	0.0	0.0	0.0	0.0	0.0	0.0	0.0	0.0	0.0	100.00	0.0	0.0	100.00	0.0	0.0	0.0	0.0	0.0	0.0	100.00	100.00	0.0	0.0	0.0	0.0	0.0	0.0	0.0	0.0	0.0
MILES	2	2.0	0.0	0.0	0.0	0.0	0.0	0.0	0.0	0.0	0.0	0.0	0.0	0.0	0.0	0.0	0.0	0.0	50.00	0.0	0.0	0.0	0.0	0.0	0.0	0.0	0.0	50.00	50.00	0.0	0.0	0.0	0.0	0.0	0.0	0.0	0.0	50.00	0.0	0.0	0.0	0.0	0.0	0.0	0.0	0.0	0.0	0.0	0.0	0.0	0.0	0.0	0.0	0.0	0.0	0.0	0.0	0.0	50.00	50.00	0.0	0.0	50.00	0.0	0.0	0.0	0.0	0.0	0.0	0.0	50.00	0.0	0.0	0.0	0.0	0.0	0.0	0.0	0.0	50.00
JAKE	2	2.0	0.0	0.0	0.0	0.0	0.0	0.0	0.0	0.0	0.0	0.0	0.0	0.0	0.0	0.0	0.0	0.0	50.00	0.0	0.0	0.0	0.0	50.00	0.0	0.0	0.0	50.00	50.00	0.0	0.0	0.0	0.0	0.0	0.0	0.0	0.0	100.00	0.0	0.0	0.0	0.0	0.0	100.00	0.0	0.0	0.0	0.0	0.0	0.0	0.0	0.0	0.0	0.0	0.0	0.0	0.0	0.0	50.00	100.00	0.0	50.00	100.00	0.0	0.0	0.0	0.0	0.0	0.0	0.0	0.0	0.0	0.0	0.0	0.0	0.0	50.00	0.0	0.0	0.0
JAKE	14	14.0	0.0	0.0	0.0	0.0	0.0	0.0	0.0	0.0	0.0	0.0	0.0	0.0	0.0	0.0	0.0	7.14	0.0	0.0	0.0	21.43	0.0	7.14	0.0	0.0	0.0	0.0	28.57	7.14	0.0	7.14	0.0	0.0	0.0	0.0	0.0	71.43	0.0	0.0	0.0	0.0	0.0	0.0	21.43	0.0	0.0	0.0	0.0	0.0	0.0	0.0	0.0	0.0	0.0	0.0	14.29	7.14	0.0	14.29	7.14	7.14	14.29	7.14	7.14	0.0	0.0	7.14	0.0	0.0	14.29	0.0	0.0	0.0	0.0	7.14	21.43	14.29	0.0	0.0
JAKE	17	17.0	0.0	0.0	0.0	0.0	0.0	0.0	0.0	0.0	0.0	0.0	0.0	0.0	0.0	17.65	0.0	0.0	5.88	0.0	0.0	11.76	0.0	17.65	0.0	0.0	5.88	5.88	11.76	0.0	0.0	0.0	0.0	0.0	0.0	0.0	0.0	64.71	0.0	0.0	0.0	0.0	0.0	0.0	0.0	0.0	0.0	0.0	0.0	0.0	0.0	0.0	0.0	0.0	0.0	5.88	17.65	0.0	5.88	11.76	17.65	0.0	11.76	0.0	11.76	0.0	0.0	0.0	0.0	11.76	11.76	11.76	0.0	0.0	0.0	0.0	17.65	0.0	0.0	0.0
FRANKIE	6	6.0	0.0	0.0	0.0	0.0	0.0	0.0	0.0	0.0	0.0	0.0	0.0	0.0	0.0	16.67	0.0	0.0	0.0	0.0	0.0	16.67	0.0	0.0	0.0	0.0	0.0	0.0	0.0	0.0	0.0	0.0	0.0	0.0	16.67	0.0	0.0	33.33	0.0	0.0	0.0	0.0	0.0	0.0	0.0	0.0	0.0	0.0	0.0	0.0	0.0	0.0	0.0	0.0	0.0	0.0	0.0	33.33	0.0	0.0	16.67	0.0	0.0	0.0	16.67	0.0	0.0	16.67	0.0	0.0	0.0	0.0	0.0	0.0	0.0	16.67	0.0	0.0	0.0	0.0
JAKE	38	38.0	0.0	0.0	0.0	0.0	0.0	0.0	0.0	0.0	0.0	0.0	0.0	0.0	0.0	13.16	0.0	5.26	2.63	2.63	0.0	15.79	0.0	7.89	0.0	0.0	2.63	2.63	21.05	7.89	0.0	2.63	2.63	0.0	2.63	0.0	0.0	50.00	0.0	0.0	0.0	0.0	0.0	2.63	5.26	0.0	2.63	5.26	5.26	2.63	5.26	2.63	2.63	2.63	0.0	0.0	13.16	2.63	0.0	2.63	5.26	0.0	7.89	0.0	15.79	0.0	0.0	0.0	0.0	0.0	2.63	5.26	0.0	2.63	0.0	7.89	13.16	0.0	5.26	0.0
JAKE	3	3.0	0.0	0.0	0.0	0.0	0.0	0.0	0.0	0.0	0.0	0.0	0.0	0.0	0.0	33.33	0.0	0.0	0.0	0.0	0.0	0.0	0.0	0.0	0.0	0.0	0.0	0.0	66.67	0.0	0.0	33.33	0.0	0.0	0.0	0.0	0.0	33.33	0.0	0.0	0.0	0.0	0.0	0.0	33.33	0.0	0.0	0.0	0.0	0.0	0.0	0.0	0.0	0.0	0.0	0.0	0.0	0.0	0.0	33.33	0.0	33.33	33.33	0.0	0.0	0.0	0.0	0.0	0.0	0.0	33.33	0.0	0.0	0.0	0.0	0.0	33.33	33.33	0.0	0.0
FRANKIE	13	13.0	0.0	0.0	0.0	0.0	0.0	0.0	0.0	0.0	0.0	0.0	0.0	0.0	0.0	0.0	0.0	15.38	0.0	0.0	0.0	7.69	0.0	0.0	0.0	0.0	0.0	0.0	7.69	7.69	0.0	0.0	0.0	0.0	0.0	0.0	0.0	53.85	0.0	0.0	0.0	0.0	0.0	7.69	7.69	0.0	0.0	0.0	0.0	0.0	0.0	0.0	0.0	0.0	0.0	0.0	0.0	15.38	0.0	15.38	23.08	23.08	15.38	0.0	23.08	0.0	0.0	15.38	0.0	0.0	7.69	15.38	0.0	0.0	0.0	7.69	23.08	0.0	0.0	7.69
GORDO	15	15.0	0.0	0.0	0.0	0.0	0.0	0.0	6.67	0.0	0.0	0.0	0.0	0.0	0.0	13.33	6.67	0.0	6.67	0.0	0.0	6.67	0.0	0.0	0.0	0.0	0.0	0.0	13.33	6.67	0.0	0.0	6.67	0.0	0.0	0.0	0.0	46.67	0.0	0.0	0.0	0.0	0.0	0.0	0.0	0.0	0.0	0.0	6.67	0.0	0.0	0.0	0.0	0.0	0.0	13.33	6.67	0.0	6.67	6.67	6.67	0.0	13.33	0.0	6.67	0.0	0.0	0.0	0.0	0.0	13.33	6.67	0.0	13.33	0.0	0.0	6.67	0.0	0.0	6.67
SUITS	27	27.0	0.0	0.0	0.0	0.0	0.0	0.0	0.0	0.0	0.0	0.0	0.0	0.0	0.0	22.22	0.0	11.11	0.0	0.0	0.0	11.11	0.0	3.70	0.0	0.0	0.0	3.70	18.52	7.41	0.0	0.0	0.0	0.0	0.0	0.0	0.0	51.85	0.0	0.0	0.0	0.0	0.0	3.70	11.11	0.0	0.0	0.0	0.0	0.0	11.11	0.0	0.0	0.0	0.0	0.0	3.70	0.0	0.0	7.41	14.81	3.70	7.41	3.70	7.41	0.0	0.0	0.0	0.0	0.0	7.41	0.0	0.0	3.70	0.0	3.70	7.41	0.0	11.11	3.70
JAKE	2	2.0	0.0	0.0	0.0	0.0	0.0	0.0	0.0	0.0	0.0	0.0	0.0	0.0	0.0	0.0	0.0	0.0	0.0	0.0	0.0	0.0	0.0	0.0	0.0	0.0	0.0	0.0	0.0	0.0	0.0	0.0	0.0	0.0	0.0	0.0	0.0	0.0	0.0	0.0	0.0	0.0	0.0	0.0	0.0	0.0	0.0	0.0	0.0	0.0	0.0	0.0	0.0	0.0	0.0	0.0	0.0	0.0	0.0	0.0	0.0	0.0	0.0	0.0	0.0	0.0	0.0	0.0	0.0	0.0	0.0	0.0	0.0	0.0	0.0	0.0	0.0	0.0	0.0	0.0
SUITS	17	17.0	0.0	0.0	0.0	0.0	0.0	0.0	0.0	0.0	0.0	0.0	0.0	0.0	0.0	11.76	0.0	5.88	11.76	0.0	0.0	0.0	0.0	0.0	0.0	0.0	0.0	0.0	17.65	0.0	0.0	0.0	11.76	0.0	0.0	0.0	0.0	41.18	0.0	0.0	5.88	0.0	0.0	0.0	5.88	0.0	0.0	0.0	11.76	5.88	0.0	0.0	5.88	5.88	0.0	0.0	0.0	5.88	5.88	5.88	17.65	0.0	17.65	0.0	17.65	0.0	0.0	0.0	0.0	0.0	11.76	17.65	0.0	5.88	0.0	0.0	0.0	0.0	5.88	5.88
JAKE	2	2.0	0.0	0.0	0.0	0.0	0.0	0.0	0.0	0.0	0.0	0.0	0.0	0.0	0.0	0.0	0.0	0.0	50.00	0.0	0.0	0.0	0.0	0.0	0.0	0.0	0.0	0.0	50.00	0.0	0.0	0.0	0.0	0.0	0.0	0.0	0.0	50.00	0.0	0.0	0.0	0.0	0.0	0.0	0.0	0.0	0.0	0.0	0.0	0.0	0.0	0.0	0.0	0.0	0.0	0.0	0.0	0.0	50.00	0.0	0.0	0.0	0.0	50.00	0.0	0.0	0.0	0.0	0.0	0.0	0.0	0.0	0.0	50.00	0.0	0.0	0.0	0.0	0.0	0.0
SUITS	4	4.0	0.0	0.0	0.0	0.0	0.0	0.0	0.0	0.0	0.0	0.0	0.0	0.0	0.0	0.0	0.0	0.0	0.0	0.0	0.0	0.0	0.0	0.0	25.00	25.00	0.0	0.0	0.0	0.0	0.0	0.0	0.0	0.0	0.0	0.0	0.0	75.00	0.0	0.0	0.0	0.0	0.0	0.0	0.0	0.0	0.0	0.0	0.0	0.0	0.0	0.0	0.0	0.0	0.0	0.0	0.0	0.0	0.0	25.00	50.00	0.0	25.00	0.0	50.00	0.0	0.0	0.0	0.0	0.0	25.00	50.00	0.0	0.0	0.0	0.0	0.0	0.0	0.0	25.00
JAKE	2	2.0	0.0	0.0	0.0	0.0	0.0	0.0	0.0	0.0	0.0	0.0	0.0	0.0	0.0	0.0	0.0	0.0	50.00	0.0	0.0	0.0	0.0	0.0	0.0	0.0	0.0	0.0	50.00	0.0	0.0	0.0	0.0	0.0	0.0	0.0	0.0	50.00	0.0	0.0	0.0	0.0	0.0	0.0	0.0	0.0	0.0	0.0	0.0	0.0	0.0	0.0	0.0	0.0	0.0	0.0	0.0	0.0	50.00	0.0	0.0	0.0	0.0	50.00	0.0	0.0	0.0	0.0	0.0	0.0	0.0	0.0	0.0	50.00	0.0	0.0	0.0	0.0	0.0	0.0
SUITS	7	7.0	0.0	0.0	0.0	0.0	0.0	0.0	0.0	0.0	0.0	0.0	0.0	0.0	0.0	14.29	14.29	0.0	14.29	0.0	0.0	0.0	0.0	14.29	0.0	0.0	0.0	14.29	14.29	0.0	0.0	0.0	0.0	0.0	0.0	0.0	0.0	71.43	0.0	0.0	14.29	0.0	0.0	14.29	0.0	0.0	0.0	0.0	0.0	0.0	0.0	0.0	0.0	0.0	0.0	0.0	0.0	14.29	14.29	28.57	28.57	14.29	28.57	0.0	14.29	0.0	0.0	0.0	0.0	0.0	28.57	14.29	0.0	0.0	0.0	0.0	14.29	0.0	0.0	14.29
JAKE	4	4.0	0.0	0.0	0.0	0.0	0.0	0.0	0.0	0.0	0.0	0.0	0.0	0.0	0.0	25.00	0.0	0.0	25.00	0.0	0.0	0.0	75.00	25.00	0.0	0.0	0.0	0.0	0.0	0.0	0.0	0.0	0.0	0.0	0.0	0.0	0.0	50.00	0.0	0.0	0.0	0.0	0.0	0.0	0.0	0.0	0.0	0.0	0.0	0.0	0.0	0.0	0.0	0.0	0.0	0.0	0.0	0.0	25.00	50.00	0.0	25.00	50.00	0.0	0.0	0.0	0.0	0.0	0.0	50.00	50.00	0.0	0.0	0.0	0.0	0.0	25.00	0.0	0.0	0.0
SUITS	34	34.0	0.0	0.0	0.0	0.0	0.0	0.0	0.0	0.0	0.0	0.0	0.0	0.0	0.0	11.76	8.82	2.94	5.88	0.0	0.0	8.82	0.0	8.82	0.0	0.0	0.0	0.0	17.65	11.76	0.0	0.0	5.88	0.0	0.0	0.0	0.0	52.94	2.94	0.0	0.0	0.0	2.94	2.94	5.88	0.0	2.94	2.94	0.0	2.94	0.0	2.94	0.0	0.0	0.0	0.0	0.0	2.94	5.88	14.71	11.76	17.65	14.71	2.94	11.76	0.0	0.0	2.94	0.0	0.0	20.59	5.88	0.0	2.94	0.0	2.94	23.53	0.0	2.94	11.76
JAKE	5	5.0	0.0	0.0	0.0	0.0	0.0	0.0	0.0	0.0	0.0	0.0	0.0	0.0	0.0	0.0	0.0	0.0	0.0	0.0	0.0	20.00	0.0	0.0	0.0	0.0	0.0	0.0	20.00	0.0	0.0	0.0	0.0	0.0	0.0	0.0	0.0	60.00	0.0	0.0	0.0	0.0	0.0	0.0	20.00	0.0	0.0	0.0	0.0	0.0	0.0	0.0	0.0	0.0	0.0	0.0	0.0	0.0	0.0	0.0	20.00	0.0	0.0	40.00	40.00	0.0	0.0	0.0	0.0	0.0	0.0	40.00	0.0	0.0	0.0	0.0	0.0	0.0	0.0	0.0
SUITS	21	21.0	0.0	0.0	0.0	0.0	0.0	0.0	0.0	0.0	0.0	0.0	0.0	0.0	0.0	9.52	0.0	4.76	4.76	0.0	0.0	9.52	0.0	4.76	4.76	0.0	0.0	4.76	14.29	4.76	0.0	4.76	0.0	0.0	0.0	0.0	0.0	57.14	0.0	4.76	0.0	0.0	0.0	14.29	4.76	0.0	0.0	0.0	0.0	0.0	0.0	0.0	4.76	4.76	0.0	0.0	9.52	0.0	0.0	19.05	9.52	0.0	19.05	4.76	9.52	0.0	0.0	0.0	0.0	0.0	14.29	4.76	0.0	0.0	0.0	0.0	9.52	0.0	0.0	4.76
SUITS	52	52.0	0.0	0.0	0.0	0.0	0.0	0.0	0.0	0.0	0.0	0.0	0.0	1.92	0.0	17.31	1.92	1.92	0.0	0.0	0.0	11.54	0.0	5.77	0.0	0.0	1.92	1.92	21.15	11.54	0.0	1.92	7.69	0.0	0.0	0.0	0.0	61.54	0.0	0.0	0.0	0.0	3.85	7.69	1.92	0.0	0.0	7.69	13.46	0.0	3.85	1.92	0.0	0.0	0.0	0.0	3.85	3.85	0.0	17.31	5.77	13.46	30.77	1.92	9.62	0.0	0.0	3.85	0.0	0.0	17.31	3.85	0.0	3.85	0.0	3.85	17.31	0.0	5.77	9.62
JAKE	2	2.0	0.0	0.0	0.0	0.0	0.0	0.0	0.0	0.0	0.0	0.0	0.0	0.0	0.0	0.0	0.0	0.0	0.0	0.0	0.0	0.0	0.0	100.00	0.0	0.0	0.0	0.0	0.0	0.0	0.0	0.0	0.0	0.0	0.0	0.0	0.0	100.00	0.0	0.0	50.00	0.0	0.0	0.0	0.0	0.0	0.0	0.0	0.0	0.0	0.0	0.0	50.00	0.0	0.0	0.0	0.0	50.00	0.0	0.0	0.0	100.00	0.0	0.0	0.0	0.0	0.0	0.0	0.0	0.0	50.00	0.0	0.0	0.0	0.0	0.0	100.00	0.0	0.0	0.0
SUITS	4	4.0	0.0	0.0	0.0	0.0	0.0	0.0	0.0	0.0	0.0	0.0	0.0	0.0	0.0	0.0	0.0	0.0	0.0	0.0	0.0	25.00	0.0	0.0	0.0	0.0	0.0	0.0	0.0	25.00	0.0	0.0	0.0	0.0	0.0	0.0	0.0	75.00	0.0	0.0	0.0	0.0	0.0	0.0	0.0	0.0	0.0	0.0	25.00	0.0	25.00	0.0	0.0	0.0	0.0	0.0	0.0	0.0	0.0	0.0	0.0	25.00	25.00	0.0	25.00	0.0	0.0	0.0	0.0	0.0	50.00	0.0	0.0	0.0	0.0	25.00	25.00	0.0	0.0	0.0
JAKE	2	2.0	0.0	0.0	0.0	0.0	0.0	0.0	0.0	0.0	0.0	0.0	0.0	0.0	0.0	0.0	50.00	0.0	0.0	0.0	0.0	50.00	0.0	0.0	0.0	0.0	0.0	0.0	0.0	0.0	0.0	0.0	0.0	0.0	0.0	0.0	0.0	50.00	0.0	0.0	0.0	0.0	0.0	0.0	0.0	0.0	0.0	0.0	0.0	0.0	0.0	0.0	0.0	0.0	0.0	0.0	0.0	0.0	0.0	0.0	0.0	0.0	0.0	0.0	0.0	0.0	0.0	0.0	0.0	0.0	0.0	0.0	0.0	0.0	0.0	0.0	0.0	0.0	0.0	0.0
SUITS	19	19.0	0.0	0.0	0.0	0.0	0.0	0.0	0.0	0.0	0.0	0.0	0.0	0.0	0.0	10.53	5.26	0.0	5.26	0.0	0.0	15.79	0.0	0.0	0.0	0.0	0.0	5.26	5.26	0.0	0.0	0.0	0.0	0.0	5.26	0.0	0.0	57.89	0.0	0.0	0.0	0.0	0.0	0.0	0.0	0.0	0.0	0.0	5.26	5.26	0.0	5.26	5.26	0.0	0.0	0.0	0.0	5.26	5.26	10.53	15.79	0.0	15.79	5.26	15.79	0.0	0.0	0.0	0.0	0.0	10.53	10.53	0.0	0.0	5.26	0.0	0.0	0.0	0.0	5.26
JAKE	4	4.0	0.0	0.0	0.0	0.0	0.0	0.0	0.0	0.0	0.0	0.0	0.0	0.0	0.0	0.0	0.0	0.0	0.0	0.0	0.0	0.0	0.0	25.00	0.0	0.0	0.0	0.0	0.0	0.0	0.0	0.0	0.0	0.0	0.0	0.0	0.0	75.00	0.0	0.0	0.0	0.0	0.0	25.00	0.0	0.0	0.0	0.0	25.00	0.0	0.0	0.0	0.0	0.0	0.0	0.0	0.0	0.0	0.0	25.00	0.0	25.00	50.00	0.0	0.0	0.0	0.0	0.0	0.0	0.0	0.0	0.0	0.0	0.0	0.0	0.0	25.00	0.0	0.0	0.0
SUITS	15	15.0	0.0	0.0	0.0	0.0	0.0	0.0	0.0	0.0	0.0	0.0	0.0	0.0	0.0	6.67	0.0	0.0	13.33	0.0	6.67	6.67	0.0	6.67	0.0	0.0	0.0	0.0	6.67	0.0	0.0	0.0	0.0	0.0	0.0	0.0	0.0	60.00	0.0	0.0	0.0	0.0	0.0	6.67	0.0	0.0	0.0	0.0	6.67	0.0	0.0	0.0	6.67	6.67	0.0	0.0	0.0	6.67	6.67	20.00	20.00	6.67	26.67	0.0	20.00	0.0	0.0	6.67	0.0	0.0	13.33	20.00	0.0	6.67	0.0	0.0	6.67	0.0	0.0	13.33
JAKE	3	3.0	0.0	0.0	0.0	0.0	0.0	0.0	0.0	0.0	0.0	0.0	0.0	0.0	0.0	33.33	0.0	0.0	0.0	0.0	0.0	0.0	0.0	33.33	0.0	0.0	0.0	0.0	33.33	0.0	0.0	0.0	33.33	0.0	0.0	0.0	0.0	100.00	0.0	0.0	0.0	0.0	0.0	0.0	0.0	0.0	0.0	0.0	66.67	0.0	0.0	0.0	33.33	0.0	0.0	0.0	0.0	0.0	0.0	0.0	0.0	33.33	66.67	0.0	33.33	0.0	0.0	0.0	0.0	0.0	0.0	0.0	0.0	0.0	0.0	33.33	33.33	0.0	0.0	0.0
SUITS	5	5.0	0.0	0.0	0.0	0.0	0.0	0.0	0.0	0.0	0.0	0.0	0.0	0.0	0.0	0.0	0.0	20.00	0.0	0.0	0.0	0.0	0.0	20.00	0.0	0.0	0.0	0.0	20.00	20.00	0.0	20.00	0.0	0.0	0.0	0.0	0.0	80.00	0.0	0.0	0.0	0.0	0.0	0.0	0.0	0.0	0.0	0.0	20.00	0.0	0.0	0.0	0.0	0.0	0.0	0.0	0.0	0.0	0.0	20.00	0.0	40.00	40.00	0.0	0.0	0.0	0.0	0.0	0.0	0.0	20.00	0.0	0.0	0.0	0.0	0.0	40.00	0.0	0.0	20.00
JAKE	20	20.0	0.0	0.0	0.0	0.0	0.0	0.0	0.0	0.0	0.0	0.0	0.0	0.0	0.0	0.0	0.0	0.0	10.00	5.00	0.0	0.0	0.0	5.00	5.00	0.0	0.0	10.00	30.00	5.00	0.0	10.00	0.0	0.0	0.0	0.0	0.0	75.00	0.0	0.0	0.0	0.0	0.0	10.00	10.00	0.0	0.0	0.0	10.00	0.0	0.0	0.0	0.0	5.00	0.0	0.0	0.0	0.0	5.00	15.00	30.00	20.00	25.00	10.00	10.00	0.0	0.0	0.0	5.00	0.0	5.00	10.00	5.00	0.0	5.00	0.0	25.00	0.0	0.0	0.0
SUITS	13	13.0	0.0	0.0	0.0	0.0	0.0	0.0	0.0	0.0	0.0	0.0	0.0	0.0	0.0	7.69	0.0	0.0	0.0	0.0	0.0	0.0	0.0	23.08	0.0	0.0	0.0	0.0	15.38	7.69	0.0	7.69	0.0	0.0	0.0	0.0	0.0	69.23	7.69	0.0	7.69	0.0	0.0	15.38	0.0	0.0	0.0	0.0	7.69	0.0	0.0	0.0	7.69	0.0	0.0	0.0	0.0	7.69	0.0	30.77	7.69	30.77	38.46	0.0	15.38	0.0	0.0	0.0	0.0	0.0	23.08	7.69	0.0	7.69	0.0	7.69	38.46	0.0	0.0	15.38
JAKE	3	3.0	0.0	0.0	0.0	0.0	0.0	0.0	0.0	0.0	0.0	0.0	0.0	0.0	0.0	0.0	0.0	0.0	0.0	0.0	0.0	0.0	33.33	33.33	0.0	0.0	0.0	0.0	0.0	0.0	0.0	0.0	0.0	0.0	0.0	0.0	0.0	66.67	0.0	0.0	0.0	0.0	0.0	33.33	0.0	0.0	0.0	0.0	0.0	0.0	0.0	0.0	0.0	0.0	0.0	0.0	0.0	0.0	0.0	33.33	0.0	33.33	33.33	0.0	0.0	0.0	0.0	0.0	0.0	0.0	0.0	0.0	0.0	0.0	0.0	0.0	33.33	0.0	0.0	0.0
SUITS	2	2.0	0.0	0.0	0.0	0.0	0.0	0.0	0.0	0.0	0.0	0.0	0.0	0.0	0.0	0.0	0.0	50.00	0.0	0.0	0.0	0.0	0.0	0.0	0.0	0.0	0.0	0.0	0.0	0.0	0.0	0.0	0.0	0.0	0.0	0.0	0.0	50.00	0.0	0.0	0.0	0.0	0.0	0.0	0.0	0.0	0.0	0.0	0.0	0.0	0.0	0.0	0.0	0.0	0.0	0.0	0.0	0.0	0.0	0.0	0.0	0.0	0.0	0.0	100.00	0.0	0.0	0.0	0.0	0.0	0.0	0.0	0.0	0.0	0.0	100.00	0.0	0.0	0.0	0.0
JAKE	11	11.0	0.0	0.0	0.0	0.0	0.0	0.0	0.0	0.0	0.0	0.0	0.0	0.0	0.0	0.0	0.0	0.0	0.0	0.0	0.0	0.0	0.0	45.45	0.0	0.0	0.0	0.0	0.0	0.0	0.0	0.0	0.0	0.0	0.0	0.0	0.0	100.00	0.0	0.0	0.0	0.0	0.0	9.09	0.0	0.0	0.0	0.0	18.18	0.0	0.0	0.0	18.18	0.0	0.0	9.09	0.0	0.0	0.0	9.09	18.18	45.45	27.27	0.0	9.09	0.0	0.0	0.0	0.0	0.0	0.0	9.09	0.0	0.0	0.0	0.0	45.45	0.0	0.0	0.0
SUITS	62	62.0	0.0	0.0	0.0	0.0	0.0	0.0	0.0	0.0	0.0	0.0	0.0	0.0	0.0	12.90	0.0	4.84	4.84	3.23	0.0	6.45	1.61	11.29	1.61	0.0	1.61	1.61	14.52	6.45	0.0	0.0	3.23	0.0	0.0	0.0	0.0	62.90	3.23	1.61	0.0	0.0	0.0	3.23	1.61	0.0	1.61	0.0	16.13	0.0	0.0	1.61	1.61	3.23	0.0	0.0	0.0	1.61	1.61	11.29	11.29	17.74	27.42	0.0	16.13	0.0	0.0	1.61	0.0	0.0	11.29	6.45	0.0	4.84	1.61	8.06	20.97	1.61	3.23	4.84
JAKE	2	2.0	0.0	0.0	0.0	0.0	0.0	0.0	0.0	0.0	0.0	0.0	0.0	0.0	0.0	0.0	0.0	0.0	0.0	0.0	0.0	0.0	0.0	0.0	0.0	0.0	0.0	0.0	50.00	0.0	0.0	0.0	0.0	0.0	0.0	0.0	0.0	100.00	0.0	0.0	0.0	0.0	0.0	0.0	50.00	0.0	0.0	0.0	0.0	0.0	0.0	0.0	0.0	0.0	0.0	0.0	0.0	0.0	0.0	100.00	0.0	50.00	100.00	0.0	0.0	0.0	0.0	0.0	0.0	0.0	100.00	0.0	0.0	0.0	0.0	0.0	50.00	100.00	0.0	0.0
LILY	5	5.0	0.0	0.0	0.0	0.0	0.0	0.0	0.0	0.0	0.0	0.0	0.0	0.0	0.0	20.00	0.0	0.0	40.00	20.00	0.0	20.00	0.0	0.0	0.0	0.0	0.0	0.0	20.00	0.0	0.0	20.00	0.0	0.0	0.0	0.0	0.0	60.00	0.0	0.0	0.0	0.0	0.0	0.0	0.0	0.0	0.0	0.0	20.00	0.0	0.0	0.0	0.0	40.00	0.0	0.0	0.0	0.0	0.0	20.00	0.0	0.0	40.00	0.0	0.0	20.00	0.0	0.0	0.0	20.00	20.00	0.0	20.00	0.0	0.0	0.0	0.0	0.0	0.0	0.0
JAKE	4	4.0	0.0	0.0	0.0	0.0	0.0	0.0	0.0	0.0	0.0	0.0	0.0	0.0	0.0	0.0	0.0	25.00	25.00	0.0	25.00	0.0	0.0	25.00	0.0	0.0	0.0	0.0	0.0	0.0	0.0	0.0	0.0	0.0	0.0	0.0	0.0	75.00	0.0	0.0	0.0	0.0	0.0	0.0	0.0	0.0	0.0	0.0	25.00	0.0	0.0	0.0	25.00	25.00	0.0	0.0	0.0	0.0	0.0	0.0	25.00	25.00	25.00	0.0	0.0	0.0	0.0	0.0	0.0	0.0	0.0	0.0	0.0	0.0	0.0	0.0	25.00	0.0	0.0	0.0
LILY	19	19.0	0.0	0.0	0.0	0.0	0.0	0.0	0.0	0.0	0.0	0.0	0.0	0.0	0.0	10.53	0.0	15.79	10.53	5.26	5.26	0.0	0.0	10.53	0.0	0.0	5.26	0.0	21.05	10.53	0.0	0.0	10.53	0.0	0.0	0.0	0.0	68.42	0.0	0.0	5.26	5.26	0.0	15.79	0.0	0.0	0.0	5.26	15.79	0.0	0.0	0.0	5.26	10.53	0.0	0.0	0.0	5.26	0.0	15.79	10.53	15.79	31.58	0.0	10.53	0.0	0.0	0.0	0.0	0.0	0.0	10.53	5.26	0.0	0.0	0.0	15.79	0.0	0.0	0.0
JAKE	6	6.0	0.0	0.0	0.0	0.0	0.0	0.0	0.0	0.0	0.0	0.0	0.0	0.0	0.0	16.67	0.0	0.0	0.0	0.0	0.0	16.67	0.0	0.0	16.67	16.67	0.0	0.0	16.67	0.0	0.0	16.67	0.0	0.0	16.67	0.0	0.0	50.00	0.0	0.0	0.0	0.0	0.0	0.0	0.0	0.0	0.0	0.0	0.0	0.0	0.0	0.0	0.0	0.0	0.0	0.0	0.0	16.67	0.0	16.67	16.67	33.33	16.67	0.0	0.0	0.0	0.0	0.0	0.0	0.0	16.67	0.0	0.0	0.0	0.0	0.0	33.33	0.0	0.0	16.67
LILY	1	1.0	0.0	0.0	0.0	0.0	0.0	0.0	0.0	0.0	0.0	0.0	0.0	0.0	0.0	0.0	0.0	0.0	0.0	0.0	0.0	0.0	0.0	0.0	0.0	0.0	0.0	0.0	0.0	0.0	0.0	0.0	0.0	0.0	0.0	0.0	0.0	100.00	0.0	0.0	0.0	0.0	0.0	0.0	0.0	0.0	0.0	0.0	100.00	0.0	0.0	0.0	0.0	0.0	0.0	0.0	0.0	0.0	0.0	0.0	0.0	0.0	100.00	0.0	0.0	0.0	0.0	0.0	0.0	0.0	0.0	0.0	0.0	0.0	0.0	0.0	0.0	0.0	0.0	0.0
JAKE	4	4.0	0.0	0.0	0.0	0.0	0.0	0.0	0.0	0.0	0.0	0.0	0.0	0.0	0.0	25.00	0.0	0.0	0.0	0.0	0.0	0.0	0.0	0.0	25.00	25.00	0.0	0.0	50.00	25.00	0.0	0.0	0.0	0.0	0.0	0.0	0.0	50.00	0.0	0.0	0.0	0.0	0.0	0.0	25.00	0.0	0.0	0.0	0.0	0.0	0.0	0.0	0.0	0.0	0.0	0.0	0.0	0.0	0.0	0.0	0.0	0.0	0.0	25.00	25.00	0.0	0.0	0.0	0.0	0.0	0.0	0.0	0.0	25.00	0.0	25.00	0.0	0.0	0.0	0.0
LILY	1	1.0	0.0	0.0	0.0	0.0	0.0	0.0	0.0	0.0	0.0	0.0	0.0	0.0	0.0	0.0	0.0	0.0	0.0	0.0	0.0	0.0	0.0	0.0	0.0	0.0	100.00	0.0	100.00	0.0	0.0	0.0	0.0	0.0	0.0	0.0	0.0	0.0	0.0	0.0	0.0	0.0	0.0	0.0	0.0	0.0	0.0	0.0	0.0	0.0	0.0	0.0	0.0	0.0	0.0	0.0	0.0	0.0	0.0	0.0	0.0	0.0	0.0	0.0	0.0	0.0	0.0	0.0	0.0	0.0	0.0	0.0	0.0	0.0	0.0	0.0	0.0	0.0	0.0	0.0
JAKE	31	31.0	0.0	0.0	0.0	0.0	0.0	0.0	0.0	0.0	0.0	0.0	0.0	0.0	0.0	3.23	0.0	3.23	0.0	0.0	0.0	0.0	0.0	19.35	0.0	0.0	0.0	0.0	22.58	12.90	0.0	6.45	9.68	0.0	0.0	0.0	0.0	70.97	6.45	0.0	0.0	0.0	0.0	3.23	9.68	0.0	0.0	3.23	9.68	0.0	3.23	3.23	6.45	0.0	0.0	0.0	0.0	3.23	0.0	19.35	6.45	19.35	29.03	3.23	9.68	0.0	0.0	3.23	0.0	0.0	16.13	3.23	0.0	6.45	0.0	3.23	29.03	6.45	0.0	9.68
LILY	8	8.0	0.0	0.0	0.0	0.0	0.0	0.0	0.0	0.0	0.0	0.0	0.0	0.0	0.0	0.0	0.0	12.50	12.50	0.0	0.0	0.0	0.0	25.00	0.0	0.0	0.0	0.0	12.50	0.0	0.0	0.0	12.50	0.0	0.0	0.0	0.0	87.50	0.0	0.0	0.0	0.0	0.0	12.50	0.0	0.0	0.0	0.0	0.0	0.0	0.0	12.50	0.0	0.0	0.0	0.0	0.0	0.0	12.50	37.50	25.00	25.00	37.50	0.0	12.50	0.0	0.0	0.0	0.0	0.0	25.00	0.0	0.0	0.0	0.0	0.0	25.00	0.0	0.0	25.00
JAKE	4	4.0	0.0	0.0	0.0	0.0	0.0	0.0	0.0	0.0	0.0	0.0	0.0	0.0	0.0	0.0	0.0	0.0	25.00	0.0	0.0	0.0	0.0	25.00	0.0	0.0	0.0	0.0	25.00	0.0	0.0	0.0	0.0	0.0	0.0	0.0	0.0	75.00	0.0	0.0	0.0	0.0	0.0	25.00	0.0	0.0	0.0	0.0	25.00	0.0	0.0	0.0	25.00	0.0	0.0	0.0	0.0	0.0	25.00	25.00	0.0	25.00	50.00	0.0	0.0	0.0	0.0	0.0	0.0	0.0	25.00	0.0	0.0	25.00	0.0	0.0	25.00	0.0	0.0	0.0
LILY	4	4.0	0.0	0.0	0.0	0.0	0.0	0.0	0.0	0.0	0.0	0.0	0.0	0.0	0.0	0.0	0.0	25.00	0.0	0.0	0.0	0.0	0.0	0.0	0.0	0.0	25.00	0.0	25.00	50.00	0.0	0.0	0.0	0.0	0.0	0.0	0.0	75.00	0.0	0.0	0.0	0.0	0.0	25.00	0.0	0.0	0.0	0.0	0.0	25.00	0.0	0.0	0.0	0.0	0.0	0.0	0.0	0.0	0.0	25.00	0.0	0.0	25.00	0.0	25.00	0.0	0.0	0.0	0.0	0.0	0.0	0.0	0.0	0.0	0.0	25.00	0.0	0.0	0.0	0.0
JAKE	26	26.0	0.0	0.0	0.0	0.0	0.0	0.0	0.0	0.0	0.0	0.0	0.0	0.0	0.0	15.38	15.38	3.85	26.92	0.0	0.0	0.0	7.69	15.38	0.0	0.0	0.0	15.38	19.23	3.85	0.0	0.0	0.0	0.0	0.0	0.0	0.0	61.54	3.85	0.0	0.0	0.0	0.0	0.0	3.85	0.0	0.0	0.0	11.54	0.0	0.0	0.0	0.0	0.0	0.0	0.0	0.0	0.0	26.92	23.08	7.69	15.38	34.62	0.0	0.0	0.0	0.0	0.0	0.0	0.0	26.92	0.0	0.0	0.0	11.54	0.0	19.23	0.0	0.0	11.54
SALESGIRL	24	24.0	4.17	0.0	0.0	0.0	4.17	0.0	0.0	0.0	0.0	0.0	0.0	4.17	0.0	25.00	0.0	4.17	8.33	0.0	0.0	4.17	0.0	4.17	4.17	0.0	0.0	4.17	8.33	4.17	0.0	0.0	0.0	8.33	0.0	0.0	0.0	33.33	0.0	0.0	0.0	0.0	0.0	4.17	4.17	0.0	0.0	0.0	4.17	4.17	0.0	0.0	0.0	0.0	0.0	4.17	0.0	4.17	8.33	4.17	4.17	4.17	8.33	0.0	8.33	0.0	0.0	4.17	4.17	0.0	16.67	4.17	0.0	0.0	0.0	4.17	8.33	0.0	12.50	0.0
MR. LEWIS	1	1.0	0.0	0.0	0.0	0.0	0.0	0.0	0.0	0.0	0.0	0.0	0.0	0.0	0.0	0.0	0.0	0.0	0.0	0.0	0.0	0.0	0.0	0.0	0.0	0.0	0.0	0.0	0.0	0.0	0.0	0.0	0.0	0.0	0.0	0.0	0.0	0.0	0.0	0.0	0.0	0.0	0.0	0.0	0.0	0.0	0.0	0.0	0.0	0.0	0.0	0.0	0.0	0.0	0.0	0.0	0.0	0.0	0.0	0.0	0.0	0.0	0.0	0.0	100.00	0.0	0.0	0.0	0.0	0.0	0.0	100.00	0.0	0.0	0.0	0.0	0.0	0.0	0.0	0.0
SALESGIRL	10	10.0	0.0	0.0	0.0	0.0	0.0	0.0	10.00	0.0	0.0	0.0	0.0	10.00	0.0	30.00	0.0	0.0	20.00	0.0	0.0	0.0	0.0	0.0	10.00	0.0	0.0	0.0	0.0	0.0	0.0	0.0	0.0	0.0	0.0	0.0	0.0	10.00	0.0	0.0	0.0	0.0	0.0	0.0	0.0	0.0	0.0	0.0	0.0	0.0	0.0	0.0	0.0	0.0	0.0	10.00	0.0	0.0	20.00	0.0	0.0	10.00	0.0	0.0	0.0	0.0	0.0	0.0	10.00	0.0	10.00	0.0	0.0	0.0	0.0	0.0	10.00	0.0	0.0	0.0
MR. LEWIS	1	1.0	0.0	0.0	0.0	0.0	0.0	0.0	0.0	0.0	0.0	0.0	0.0	0.0	0.0	100.00	100.00	0.0	100.00	0.0	0.0	0.0	0.0	0.0	0.0	0.0	0.0	100.00	100.00	0.0	0.0	0.0	0.0	0.0	0.0	0.0	0.0	0.0	0.0	0.0	0.0	0.0	0.0	0.0	0.0	0.0	0.0	0.0	0.0	0.0	0.0	0.0	0.0	0.0	0.0	0.0	0.0	0.0	100.00	0.0	0.0	0.0	0.0	0.0	0.0	0.0	0.0	0.0	0.0	0.0	0.0	0.0	0.0	0.0	0.0	0.0	0.0	0.0	0.0	0.0
SALESGIRL	8	8.0	0.0	0.0	0.0	0.0	0.0	0.0	0.0	0.0	0.0	0.0	0.0	0.0	0.0	0.0	0.0	12.50	0.0	0.0	0.0	0.0	0.0	12.50	0.0	0.0	0.0	0.0	12.50	0.0	0.0	0.0	12.50	0.0	0.0	0.0	0.0	62.50	12.50	0.0	0.0	0.0	12.50	25.00	0.0	0.0	0.0	0.0	12.50	0.0	0.0	25.00	0.0	0.0	0.0	0.0	0.0	0.0	0.0	25.00	12.50	12.50	37.50	0.0	37.50	0.0	0.0	0.0	0.0	0.0	12.50	12.50	0.0	0.0	0.0	0.0	25.00	0.0	0.0	0.0
JAKE	2	2.0	0.0	0.0	0.0	0.0	0.0	0.0	0.0	0.0	0.0	0.0	0.0	0.0	0.0	0.0	0.0	0.0	0.0	0.0	0.0	0.0	0.0	0.0	0.0	0.0	0.0	0.0	0.0	0.0	0.0	0.0	0.0	0.0	0.0	0.0	0.0	0.0	0.0	0.0	0.0	0.0	50.00	0.0	0.0	0.0	0.0	0.0	0.0	0.0	0.0	0.0	0.0	0.0	0.0	0.0	0.0	0.0	0.0	0.0	0.0	0.0	0.0	0.0	0.0	0.0	0.0	0.0	0.0	0.0	50.00	0.0	0.0	0.0	0.0	0.0	0.0	0.0	0.0	0.0
JAKE	4	4.0	0.0	0.0	0.0	0.0	0.0	0.0	0.0	0.0	0.0	0.0	0.0	0.0	0.0	0.0	0.0	0.0	0.0	0.0	0.0	0.0	0.0	25.00	0.0	0.0	0.0	0.0	0.0	0.0	0.0	0.0	0.0	0.0	0.0	0.0	0.0	75.00	0.0	0.0	0.0	0.0	0.0	0.0	0.0	0.0	0.0	0.0	25.00	0.0	0.0	0.0	0.0	0.0	0.0	0.0	0.0	0.0	0.0	25.00	0.0	25.00	50.00	0.0	0.0	0.0	0.0	0.0	0.0	0.0	50.00	0.0	0.0	0.0	0.0	0.0	25.00	0.0	0.0	25.00
MR. LEWIS	3	3.0	33.33	0.0	0.0	0.0	33.33	0.0	0.0	0.0	0.0	0.0	0.0	0.0	0.0	0.0	0.0	0.0	33.33	0.0	0.0	0.0	0.0	0.0	0.0	0.0	0.0	0.0	0.0	0.0	0.0	0.0	0.0	0.0	0.0	0.0	0.0	33.33	0.0	0.0	0.0	0.0	0.0	33.33	0.0	0.0	0.0	0.0	0.0	0.0	0.0	0.0	0.0	33.33	0.0	0.0	0.0	0.0	0.0	33.33	0.0	0.0	33.33	0.0	0.0	0.0	0.0	0.0	0.0	0.0	0.0	0.0	0.0	0.0	0.0	0.0	0.0	0.0	0.0	0.0
JAKE	16	16.0	0.0	0.0	0.0	0.0	0.0	0.0	0.0	0.0	0.0	0.0	0.0	0.0	0.0	25.00	0.0	0.0	0.0	0.0	0.0	0.0	0.0	0.0	0.0	0.0	0.0	0.0	18.75	6.25	0.0	0.0	6.25	6.25	0.0	0.0	0.0	50.00	0.0	0.0	0.0	0.0	0.0	6.25	12.50	0.0	0.0	0.0	0.0	0.0	0.0	6.25	0.0	0.0	0.0	12.50	6.25	0.0	0.0	18.75	12.50	6.25	18.75	0.0	12.50	0.0	0.0	0.0	0.0	0.0	25.00	0.0	0.0	6.25	0.0	6.25	12.50	6.25	0.0	6.25
MR. LEWIS	7	7.0	0.0	0.0	0.0	0.0	0.0	0.0	0.0	0.0	0.0	0.0	0.0	0.0	0.0	0.0	0.0	0.0	14.29	0.0	0.0	0.0	0.0	0.0	0.0	0.0	0.0	0.0	0.0	0.0	0.0	0.0	0.0	0.0	0.0	0.0	0.0	42.86	0.0	0.0	0.0	0.0	0.0	0.0	0.0	0.0	0.0	0.0	0.0	0.0	0.0	0.0	0.0	0.0	0.0	0.0	0.0	14.29	14.29	14.29	28.57	14.29	14.29	0.0	0.0	0.0	0.0	14.29	0.0	0.0	14.29	0.0	0.0	0.0	0.0	0.0	14.29	0.0	14.29	14.29
JAKE	14	14.0	0.0	0.0	0.0	0.0	0.0	0.0	0.0	0.0	0.0	0.0	0.0	0.0	0.0	14.29	0.0	21.43	14.29	0.0	0.0	7.14	0.0	14.29	0.0	0.0	7.14	14.29	21.43	7.14	0.0	0.0	0.0	0.0	0.0	0.0	0.0	64.29	0.0	0.0	0.0	0.0	7.14	0.0	0.0	0.0	0.0	0.0	7.14	0.0	0.0	0.0	0.0	0.0	7.14	0.0	0.0	0.0	14.29	0.0	7.14	14.29	7.14	7.14	7.14	0.0	0.0	0.0	0.0	0.0	7.14	7.14	0.0	0.0	0.0	0.0	14.29	0.0	0.0	0.0
MR. LEWIS	3	3.0	0.0	0.0	0.0	0.0	0.0	0.0	0.0	0.0	0.0	0.0	0.0	0.0	0.0	0.0	0.0	0.0	66.67	0.0	0.0	0.0	0.0	0.0	0.0	0.0	0.0	0.0	0.0	0.0	0.0	0.0	0.0	0.0	0.0	0.0	0.0	33.33	0.0	0.0	0.0	0.0	0.0	0.0	0.0	0.0	0.0	0.0	0.0	0.0	0.0	0.0	0.0	0.0	0.0	0.0	0.0	0.0	66.67	33.33	0.0	33.33	33.33	0.0	0.0	0.0	0.0	0.0	0.0	0.0	33.33	0.0	0.0	0.0	0.0	0.0	33.33	0.0	0.0	33.33
JAKE	11	11.0	0.0	0.0	0.0	0.0	0.0	0.0	0.0	0.0	0.0	0.0	0.0	0.0	0.0	36.36	0.0	0.0	0.0	0.0	0.0	0.0	0.0	9.09	0.0	0.0	0.0	0.0	27.27	0.0	0.0	0.0	9.09	0.0	0.0	0.0	0.0	63.64	0.0	0.0	0.0	0.0	0.0	27.27	0.0	0.0	9.09	9.09	9.09	0.0	0.0	0.0	0.0	0.0	0.0	0.0	0.0	0.0	0.0	45.45	9.09	18.18	54.55	0.0	18.18	0.0	0.0	0.0	0.0	0.0	27.27	18.18	0.0	9.09	0.0	0.0	18.18	0.0	0.0	18.18
SALESGIRL	5	5.0	0.0	0.0	0.0	0.0	0.0	0.0	0.0	0.0	0.0	0.0	0.0	0.0	0.0	0.0	0.0	0.0	0.0	0.0	0.0	20.00	0.0	40.00	0.0	0.0	0.0	0.0	0.0	0.0	0.0	0.0	0.0	0.0	0.0	0.0	0.0	80.00	0.0	0.0	0.0	0.0	0.0	0.0	0.0	0.0	0.0	0.0	0.0	20.00	0.0	0.0	0.0	0.0	0.0	0.0	0.0	0.0	0.0	20.00	0.0	40.00	20.00	0.0	0.0	0.0	0.0	0.0	0.0	0.0	20.00	0.0	0.0	0.0	0.0	0.0	40.00	0.0	0.0	20.00
JAKE	25	25.0	0.0	0.0	0.0	0.0	0.0	0.0	0.0	0.0	0.0	0.0	0.0	0.0	0.0	12.00	0.0	0.0	8.00	0.0	8.00	8.00	0.0	16.00	0.0	0.0	0.0	0.0	20.00	12.00	0.0	0.0	8.00	0.0	0.0	0.0	0.0	64.00	0.0	0.0	0.0	0.0	0.0	12.00	4.00	0.0	0.0	4.00	8.00	4.00	0.0	0.0	0.0	8.00	0.0	0.0	8.00	0.0	0.0	16.00	8.00	12.00	24.00	0.0	8.00	0.0	0.0	0.0	0.0	0.0	8.00	4.00	0.0	0.0	0.0	4.00	20.00	0.0	0.0	4.00
MR. LEWIS	15	15.0	0.0	0.0	0.0	0.0	0.0	0.0	0.0	0.0	0.0	0.0	0.0	6.67	0.0	13.33	0.0	13.33	6.67	0.0	0.0	6.67	0.0	20.00	0.0	0.0	6.67	6.67	26.67	6.67	0.0	6.67	0.0	0.0	0.0	0.0	0.0	73.33	0.0	0.0	0.0	0.0	0.0	0.0	6.67	0.0	0.0	0.0	6.67	0.0	0.0	0.0	0.0	0.0	0.0	0.0	0.0	0.0	6.67	20.00	6.67	20.00	26.67	0.0	13.33	0.0	0.0	0.0	0.0	0.0	20.00	0.0	0.0	0.0	0.0	13.33	26.67	0.0	0.0	20.00
MR. LEWIS	13	13.0	0.0	0.0	0.0	0.0	0.0	0.0	0.0	0.0	0.0	0.0	0.0	0.0	0.0	15.38	7.69	0.0	7.69	0.0	0.0	7.69	0.0	0.0	0.0	0.0	0.0	0.0	0.0	0.0	0.0	0.0	0.0	0.0	0.0	0.0	0.0	46.15	0.0	0.0	0.0	0.0	0.0	0.0	0.0	0.0	0.0	0.0	7.69	7.69	0.0	7.69	0.0	0.0	0.0	0.0	0.0	0.0	7.69	7.69	23.08	15.38	15.38	0.0	30.77	0.0	0.0	0.0	0.0	0.0	7.69	7.69	0.0	0.0	0.0	15.38	15.38	0.0	0.0	7.69
JAKE	10	10.0	0.0	0.0	0.0	0.0	0.0	0.0	0.0	0.0	0.0	0.0	0.0	0.0	0.0	10.00	0.0	10.00	0.0	0.0	0.0	10.00	0.0	10.00	0.0	0.0	0.0	0.0	20.00	10.00	0.0	0.0	10.00	10.00	0.0	0.0	0.0	60.00	0.0	0.0	0.0	0.0	0.0	20.00	10.00	0.0	0.0	0.0	0.0	10.00	0.0	0.0	0.0	0.0	0.0	0.0	0.0	0.0	0.0	20.00	0.0	20.00	20.00	0.0	10.00	0.0	0.0	0.0	0.0	0.0	10.00	10.00	0.0	0.0	0.0	0.0	20.00	0.0	0.0	0.0
MR. LEWIS	5	5.0	0.0	0.0	0.0	0.0	0.0	0.0	0.0	0.0	0.0	0.0	0.0	0.0	0.0	40.00	0.0	20.00	0.0	0.0	0.0	0.0	0.0	0.0	0.0	0.0	0.0	0.0	0.0	0.0	0.0	0.0	0.0	0.0	0.0	0.0	0.0	60.00	0.0	0.0	0.0	0.0	0.0	0.0	0.0	0.0	0.0	0.0	20.00	20.00	0.0	0.0	0.0	0.0	0.0	0.0	0.0	0.0	0.0	0.0	20.00	0.0	20.00	0.0	40.00	0.0	0.0	0.0	0.0	0.0	0.0	20.00	0.0	0.0	0.0	20.00	0.0	0.0	0.0	0.0
LILY	3	3.0	0.0	0.0	0.0	0.0	0.0	0.0	0.0	0.0	0.0	0.0	0.0	0.0	0.0	33.33	0.0	0.0	33.33	0.0	0.0	0.0	33.33	0.0	0.0	0.0	0.0	33.33	33.33	0.0	0.0	0.0	0.0	0.0	0.0	0.0	0.0	33.33	0.0	0.0	0.0	0.0	0.0	0.0	0.0	0.0	0.0	0.0	33.33	0.0	0.0	0.0	0.0	0.0	33.33	0.0	0.0	0.0	33.33	0.0	0.0	0.0	33.33	0.0	0.0	0.0	0.0	0.0	0.0	0.0	33.33	0.0	0.0	0.0	0.0	0.0	0.0	0.0	0.0	0.0
JAKE	15	15.0	0.0	0.0	0.0	0.0	0.0	0.0	0.0	0.0	0.0	0.0	0.0	0.0	0.0	6.67	0.0	0.0	0.0	0.0	0.0	0.0	0.0	13.33	0.0	0.0	0.0	0.0	0.0	0.0	0.0	0.0	0.0	13.33	0.0	0.0	6.67	33.33	0.0	0.0	0.0	0.0	13.33	6.67	0.0	0.0	0.0	0.0	13.33	0.0	0.0	0.0	0.0	0.0	0.0	0.0	0.0	6.67	0.0	6.67	0.0	13.33	20.00	0.0	0.0	0.0	0.0	0.0	0.0	0.0	33.33	0.0	0.0	0.0	0.0	0.0	13.33	0.0	0.0	0.0
JAKE	6	6.0	0.0	0.0	0.0	0.0	0.0	0.0	0.0	0.0	0.0	0.0	0.0	0.0	0.0	0.0	0.0	0.0	16.67	0.0	0.0	0.0	0.0	50.00	0.0	0.0	0.0	0.0	16.67	0.0	0.0	0.0	0.0	0.0	0.0	0.0	16.67	83.33	0.0	0.0	0.0	0.0	0.0	66.67	0.0	0.0	0.0	0.0	0.0	0.0	0.0	0.0	0.0	16.67	0.0	0.0	16.67	16.67	0.0	66.67	0.0	33.33	66.67	0.0	0.0	0.0	0.0	0.0	0.0	0.0	16.67	0.0	0.0	16.67	0.0	0.0	50.00	0.0	0.0	0.0
LILY	7	7.0	0.0	0.0	0.0	0.0	0.0	0.0	0.0	0.0	0.0	0.0	0.0	0.0	0.0	28.57	0.0	0.0	14.29	0.0	0.0	0.0	14.29	42.86	0.0	0.0	0.0	0.0	0.0	0.0	0.0	0.0	0.0	0.0	0.0	0.0	0.0	85.71	14.29	0.0	0.0	0.0	0.0	28.57	0.0	0.0	0.0	0.0	28.57	0.0	0.0	0.0	0.0	0.0	0.0	0.0	0.0	14.29	14.29	28.57	14.29	14.29	57.14	0.0	0.0	0.0	0.0	14.29	0.0	0.0	0.0	0.0	0.0	0.0	0.0	0.0	42.86	0.0	0.0	0.0
MR. LEWIS	2	2.0	0.0	0.0	0.0	0.0	0.0	0.0	0.0	0.0	0.0	0.0	0.0	0.0	0.0	50.00	0.0	0.0	50.00	0.0	0.0	0.0	0.0	0.0	0.0	0.0	0.0	0.0	0.0	0.0	0.0	0.0	0.0	0.0	0.0	0.0	0.0	0.0	0.0	0.0	0.0	0.0	50.00	0.0	0.0	0.0	0.0	0.0	0.0	0.0	0.0	0.0	0.0	0.0	0.0	0.0	0.0	0.0	50.00	0.0	0.0	0.0	0.0	0.0	0.0	0.0	0.0	0.0	0.0	0.0	50.00	0.0	0.0	0.0	0.0	0.0	0.0	0.0	0.0	0.0
JAKE	31	31.0	0.0	0.0	0.0	0.0	0.0	0.0	0.0	0.0	0.0	0.0	0.0	0.0	0.0	16.13	3.23	9.68	6.45	0.0	0.0	3.23	0.0	12.90	0.0	0.0	3.23	0.0	16.13	3.23	0.0	0.0	6.45	3.23	0.0	0.0	0.0	83.87	0.0	0.0	0.0	0.0	0.0	16.13	0.0	0.0	0.0	6.45	19.35	3.23	0.0	0.0	0.0	3.23	0.0	3.23	0.0	0.0	3.23	32.26	12.90	22.58	51.61	0.0	9.68	0.0	0.0	0.0	0.0	9.68	19.35	3.23	0.0	3.23	0.0	6.45	22.58	3.23	0.0	3.23
MR. LEWIS	15	15.0	0.0	0.0	0.0	0.0	0.0	0.0	0.0	0.0	0.0	0.0	0.0	0.0	0.0	13.33	0.0	0.0	6.67	0.0	0.0	0.0	0.0	20.00	0.0	0.0	0.0	6.67	13.33	6.67	0.0	0.0	6.67	6.67	0.0	0.0	0.0	73.33	0.0	0.0	0.0	0.0	0.0	6.67	0.0	0.0	0.0	0.0	13.33	0.0	0.0	0.0	13.33	0.0	0.0	0.0	0.0	0.0	6.67	13.33	13.33	20.00	26.67	0.0	6.67	0.0	0.0	0.0	0.0	0.0	13.33	0.0	0.0	0.0	0.0	6.67	26.67	0.0	0.0	6.67
JAKE	3	3.0	0.0	0.0	0.0	0.0	0.0	0.0	0.0	0.0	0.0	0.0	0.0	0.0	0.0	0.0	0.0	66.67	0.0	0.0	0.0	0.0	0.0	0.0	0.0	0.0	0.0	0.0	0.0	33.33	0.0	0.0	0.0	0.0	0.0	0.0	0.0	100.00	0.0	0.0	0.0	0.0	0.0	0.0	0.0	0.0	0.0	0.0	0.0	0.0	0.0	0.0	0.0	0.0	0.0	0.0	0.0	0.0	0.0	0.0	0.0	0.0	0.0	33.33	0.0	0.0	0.0	0.0	0.0	0.0	0.0	0.0	0.0	0.0	0.0	0.0	0.0	0.0	0.0	0.0
SALESGIRL	19	19.0	5.26	0.0	0.0	0.0	5.26	0.0	0.0	0.0	0.0	0.0	0.0	5.26	0.0	21.05	0.0	10.53	10.53	0.0	0.0	10.53	0.0	21.05	5.26	0.0	0.0	0.0	21.05	5.26	0.0	5.26	5.26	0.0	0.0	0.0	0.0	73.68	0.0	5.26	0.0	0.0	0.0	10.53	15.79	0.0	0.0	0.0	0.0	0.0	0.0	0.0	5.26	10.53	0.0	0.0	5.26	0.0	0.0	21.05	10.53	15.79	21.05	0.0	5.26	0.0	0.0	0.0	0.0	0.0	10.53	5.26	0.0	5.26	0.0	0.0	21.05	10.53	0.0	0.0
JAKE	10	10.0	0.0	0.0	0.0	0.0	0.0	0.0	0.0	0.0	0.0	0.0	0.0	0.0	0.0	0.0	0.0	10.00	10.00	0.0	0.0	0.0	0.0	10.00	0.0	0.0	0.0	0.0	0.0	0.0	0.0	0.0	0.0	0.0	0.0	0.0	0.0	50.00	0.0	0.0	0.0	0.0	0.0	20.00	0.0	0.0	0.0	0.0	0.0	0.0	10.00	0.0	0.0	0.0	0.0	0.0	20.00	0.0	10.00	30.00	0.0	0.0	30.00	0.0	10.00	0.0	0.0	0.0	0.0	0.0	20.00	0.0	0.0	0.0	0.0	10.00	20.00	0.0	0.0	10.00
MR. LEWIS	4	4.0	0.0	0.0	0.0	0.0	0.0	0.0	0.0	0.0	0.0	0.0	0.0	0.0	0.0	25.00	0.0	25.00	50.00	0.0	0.0	0.0	0.0	0.0	0.0	0.0	0.0	0.0	25.00	0.0	0.0	0.0	0.0	0.0	0.0	0.0	0.0	25.00	0.0	0.0	0.0	0.0	0.0	0.0	0.0	0.0	0.0	0.0	0.0	0.0	0.0	0.0	0.0	0.0	0.0	0.0	0.0	0.0	50.00	0.0	0.0	0.0	0.0	0.0	25.00	0.0	0.0	0.0	0.0	0.0	0.0	0.0	0.0	25.00	0.0	25.00	0.0	0.0	0.0	0.0
JAKE	55	55.0	0.0	0.0	0.0	0.0	0.0	0.0	0.0	0.0	0.0	0.0	0.0	0.0	0.0	9.09	0.0	7.27	3.64	0.0	0.0	10.91	0.0	12.73	0.0	0.0	0.0	0.0	20.00	5.45	0.0	7.27	5.45	0.0	0.0	0.0	0.0	74.55	0.0	0.0	0.0	0.0	1.82	5.45	3.64	0.0	0.0	1.82	7.27	3.64	5.45	1.82	3.64	0.0	0.0	0.0	1.82	0.0	3.64	18.18	10.91	14.55	25.45	3.64	10.91	0.0	0.0	0.0	0.0	3.64	16.36	3.64	0.0	9.09	0.0	5.45	20.00	1.82	3.64	7.27
MR. LEWIS	1	1.0	0.0	0.0	0.0	0.0	0.0	0.0	0.0	0.0	0.0	0.0	0.0	0.0	0.0	0.0	0.0	0.0	100.00	0.0	0.0	0.0	0.0	0.0	0.0	0.0	0.0	100.00	100.00	0.0	0.0	0.0	0.0	0.0	0.0	0.0	0.0	0.0	0.0	0.0	0.0	0.0	0.0	0.0	0.0	0.0	0.0	0.0	0.0	0.0	0.0	0.0	0.0	0.0	0.0	0.0	0.0	0.0	100.00	0.0	0.0	0.0	0.0	0.0	0.0	0.0	0.0	0.0	0.0	0.0	0.0	0.0	0.0	0.0	0.0	0.0	0.0	0.0	0.0	0.0
JAKE	5	5.0	0.0	0.0	0.0	0.0	0.0	0.0	0.0	0.0	0.0	0.0	0.0	0.0	0.0	0.0	0.0	0.0	20.00	0.0	0.0	20.00	0.0	40.00	0.0	0.0	0.0	0.0	0.0	0.0	0.0	0.0	0.0	0.0	0.0	0.0	0.0	80.00	0.0	0.0	0.0	0.0	0.0	0.0	0.0	0.0	0.0	0.0	40.00	0.0	0.0	0.0	0.0	0.0	0.0	0.0	0.0	0.0	20.00	0.0	0.0	0.0	40.00	0.0	0.0	0.0	0.0	0.0	0.0	0.0	20.00	0.0	0.0	0.0	0.0	0.0	40.00	0.0	0.0	0.0
SALESGIRL	5	5.0	0.0	0.0	0.0	0.0	0.0	0.0	0.0	0.0	0.0	0.0	0.0	0.0	0.0	40.00	0.0	0.0	20.00	0.0	0.0	0.0	0.0	20.00	0.0	0.0	0.0	0.0	0.0	0.0	0.0	0.0	0.0	0.0	0.0	0.0	0.0	80.00	0.0	0.0	0.0	0.0	0.0	40.00	0.0	0.0	0.0	0.0	0.0	0.0	0.0	0.0	20.00	20.00	0.0	0.0	0.0	0.0	0.0	40.00	20.00	20.00	40.00	0.0	20.00	0.0	0.0	0.0	0.0	0.0	0.0	20.00	0.0	0.0	0.0	0.0	20.00	0.0	0.0	0.0
JAKE	8	8.0	0.0	0.0	0.0	0.0	0.0	0.0	0.0	0.0	0.0	0.0	0.0	0.0	0.0	25.00	0.0	12.50	25.00	0.0	0.0	12.50	0.0	25.00	0.0	0.0	0.0	25.00	37.50	0.0	0.0	0.0	12.50	0.0	0.0	0.0	0.0	75.00	0.0	0.0	0.0	0.0	0.0	0.0	0.0	0.0	0.0	0.0	12.50	0.0	0.0	0.0	0.0	12.50	0.0	0.0	0.0	0.0	12.50	25.00	0.0	25.00	37.50	0.0	0.0	0.0	0.0	0.0	0.0	0.0	25.00	0.0	0.0	0.0	0.0	0.0	25.00	0.0	0.0	25.00
SALESGIRL	3	3.0	0.0	0.0	0.0	0.0	0.0	0.0	0.0	0.0	0.0	0.0	0.0	0.0	0.0	0.0	0.0	0.0	0.0	0.0	0.0	0.0	0.0	33.33	0.0	0.0	0.0	0.0	0.0	0.0	0.0	0.0	0.0	0.0	0.0	0.0	0.0	100.00	0.0	0.0	0.0	0.0	0.0	0.0	0.0	0.0	0.0	0.0	66.67	0.0	0.0	0.0	0.0	0.0	0.0	0.0	33.33	0.0	0.0	0.0	0.0	0.0	66.67	0.0	0.0	0.0	0.0	0.0	0.0	0.0	0.0	0.0	0.0	0.0	0.0	0.0	33.33	0.0	0.0	0.0
JAKE	16	16.0	0.0	0.0	0.0	0.0	0.0	0.0	0.0	0.0	0.0	0.0	0.0	0.0	0.0	0.0	0.0	0.0	0.0	0.0	0.0	12.50	0.0	6.25	0.0	0.0	0.0	6.25	12.50	0.0	0.0	0.0	0.0	6.25	0.0	0.0	0.0	75.00	0.0	0.0	6.25	0.0	0.0	6.25	0.0	0.0	0.0	0.0	18.75	0.0	0.0	0.0	0.0	0.0	0.0	12.50	6.25	6.25	0.0	6.25	12.50	0.0	25.00	6.25	6.25	0.0	0.0	0.0	0.0	0.0	6.25	6.25	0.0	6.25	0.0	0.0	6.25	0.0	0.0	0.0
SALESGIRL	8	8.0	0.0	0.0	0.0	0.0	0.0	0.0	0.0	0.0	0.0	0.0	0.0	0.0	0.0	12.50	0.0	0.0	12.50	0.0	0.0	0.0	0.0	25.00	0.0	0.0	0.0	0.0	25.00	0.0	0.0	12.50	0.0	0.0	0.0	0.0	0.0	87.50	0.0	0.0	0.0	0.0	0.0	0.0	12.50	0.0	0.0	0.0	37.50	0.0	0.0	0.0	12.50	12.50	0.0	0.0	0.0	0.0	0.0	12.50	12.50	25.00	50.00	0.0	12.50	0.0	0.0	0.0	0.0	0.0	12.50	12.50	0.0	0.0	0.0	0.0	25.00	12.50	12.50	0.0
JAKE	19	19.0	0.0	0.0	0.0	0.0	0.0	0.0	0.0	0.0	0.0	0.0	0.0	0.0	0.0	5.26	0.0	5.26	15.79	0.0	5.26	5.26	0.0	5.26	0.0	0.0	0.0	0.0	10.53	0.0	0.0	0.0	5.26	0.0	0.0	0.0	0.0	63.16	0.0	0.0	0.0	0.0	0.0	10.53	5.26	0.0	0.0	0.0	5.26	0.0	5.26	0.0	0.0	10.53	0.0	0.0	0.0	0.0	5.26	26.32	21.05	21.05	31.58	0.0	15.79	0.0	0.0	0.0	0.0	5.26	21.05	10.53	0.0	0.0	0.0	0.0	21.05	0.0	0.0	10.53
SALESGIRL	2	2.0	0.0	0.0	0.0	0.0	0.0	0.0	0.0	0.0	0.0	0.0	0.0	0.0	0.0	50.00	0.0	0.0	0.0	0.0	0.0	0.0	0.0	0.0	0.0	0.0	0.0	0.0	100.00	0.0	0.0	0.0	0.0	0.0	0.0	0.0	0.0	50.00	0.0	0.0	0.0	0.0	0.0	0.0	50.00	0.0	0.0	50.00	0.0	0.0	0.0	0.0	0.0	0.0	0.0	0.0	0.0	0.0	0.0	0.0	50.00	0.0	0.0	0.0	0.0	0.0	0.0	0.0	0.0	0.0	0.0	0.0	0.0	0.0	0.0	0.0	0.0	0.0	0.0	0.0
JAKE	15	15.0	0.0	0.0	0.0	0.0	0.0	0.0	0.0	0.0	0.0	0.0	0.0	0.0	0.0	6.67	0.0	6.67	0.0	0.0	0.0	0.0	0.0	13.33	0.0	0.0	0.0	0.0	20.00	6.67	0.0	0.0	6.67	0.0	0.0	0.0	0.0	60.00	0.0	0.0	0.0	0.0	0.0	20.00	0.0	0.0	0.0	6.67	6.67	0.0	0.0	0.0	0.0	0.0	0.0	0.0	6.67	0.0	0.0	20.00	0.0	13.33	26.67	6.67	20.00	0.0	0.0	0.0	0.0	0.0	0.0	0.0	0.0	6.67	0.0	13.33	20.00	0.0	0.0	0.0
SALESGIRL	2	2.0	0.0	0.0	0.0	0.0	0.0	0.0	0.0	0.0	0.0	0.0	0.0	0.0	0.0	0.0	0.0	0.0	50.00	0.0	0.0	0.0	0.0	50.00	0.0	0.0	0.0	0.0	0.0	0.0	0.0	0.0	0.0	0.0	0.0	0.0	0.0	100.00	0.0	0.0	0.0	0.0	0.0	100.00	0.0	0.0	0.0	0.0	0.0	0.0	0.0	0.0	0.0	50.00	0.0	0.0	0.0	0.0	0.0	100.00	0.0	50.00	100.00	0.0	0.0	0.0	0.0	0.0	0.0	0.0	0.0	0.0	0.0	0.0	0.0	0.0	50.00	0.0	0.0	0.0
JAKE	65	65.0	0.0	0.0	0.0	0.0	0.0	0.0	0.0	0.0	0.0	0.0	0.0	0.0	0.0	6.15	1.54	6.15	4.62	0.0	0.0	4.62	0.0	13.85	3.08	0.0	0.0	0.0	12.31	6.15	0.0	0.0	3.08	1.54	0.0	0.0	0.0	76.92	1.54	1.54	1.54	0.0	1.54	12.31	6.15	0.0	0.0	3.08	16.92	1.54	0.0	3.08	0.0	1.54	0.0	1.54	0.0	1.54	3.08	24.62	10.77	20.00	41.54	0.0	12.31	0.0	0.0	0.0	1.54	4.62	26.15	3.08	0.0	0.0	0.0	6.15	21.54	4.62	1.54	3.08
SALESGIRL	2	2.0	0.0	0.0	0.0	0.0	0.0	0.0	0.0	0.0	0.0	0.0	0.0	0.0	0.0	0.0	0.0	0.0	50.00	0.0	0.0	0.0	0.0	50.00	0.0	0.0	0.0	0.0	0.0	0.0	0.0	0.0	0.0	0.0	0.0	0.0	0.0	100.00	0.0	0.0	0.0	0.0	0.0	100.00	0.0	0.0	0.0	0.0	0.0	0.0	0.0	0.0	0.0	50.00	0.0	0.0	0.0	0.0	0.0	100.00	0.0	50.00	100.00	0.0	0.0	0.0	0.0	0.0	0.0	0.0	0.0	0.0	0.0	0.0	0.0	0.0	50.00	0.0	0.0	0.0
JAKE	3	3.0	0.0	0.0	0.0	0.0	0.0	0.0	0.0	0.0	0.0	0.0	0.0	0.0	0.0	33.33	0.0	0.0	33.33	0.0	33.33	0.0	0.0	33.33	0.0	0.0	0.0	0.0	0.0	0.0	0.0	0.0	0.0	0.0	0.0	0.0	0.0	66.67	0.0	0.0	0.0	0.0	0.0	0.0	0.0	0.0	0.0	0.0	33.33	0.0	0.0	0.0	0.0	33.33	0.0	0.0	0.0	0.0	0.0	0.0	0.0	33.33	33.33	0.0	0.0	0.0	0.0	0.0	0.0	0.0	0.0	0.0	0.0	0.0	0.0	0.0	33.33	0.0	0.0	0.0
MR. LEWIS	1	1.0	0.0	0.0	0.0	0.0	0.0	0.0	0.0	0.0	0.0	0.0	0.0	0.0	0.0	0.0	0.0	0.0	0.0	0.0	0.0	0.0	0.0	0.0	0.0	0.0	0.0	0.0	0.0	0.0	0.0	0.0	0.0	0.0	0.0	0.0	0.0	0.0	0.0	0.0	0.0	0.0	0.0	0.0	0.0	0.0	0.0	0.0	0.0	0.0	0.0	0.0	0.0	0.0	0.0	0.0	0.0	0.0	0.0	0.0	0.0	0.0	0.0	0.0	0.0	0.0	0.0	0.0	0.0	0.0	0.0	0.0	0.0	0.0	0.0	0.0	0.0	0.0	0.0	0.0
JAKE	17	17.0	0.0	0.0	0.0	0.0	0.0	0.0	0.0	0.0	0.0	0.0	0.0	0.0	0.0	5.88	0.0	5.88	17.65	0.0	0.0	0.0	0.0	11.76	0.0	0.0	0.0	0.0	5.88	5.88	0.0	0.0	0.0	0.0	0.0	0.0	0.0	64.71	0.0	0.0	0.0	0.0	5.88	17.65	5.88	0.0	0.0	0.0	5.88	0.0	0.0	0.0	0.0	5.88	0.0	0.0	0.0	0.0	11.76	23.53	11.76	11.76	29.41	5.88	0.0	0.0	0.0	0.0	0.0	0.0	23.53	0.0	0.0	0.0	0.0	0.0	17.65	0.0	0.0	5.88
MR. LEWIS	20	20.0	0.0	0.0	0.0	0.0	0.0	0.0	0.0	0.0	0.0	0.0	0.0	0.0	0.0	0.0	0.0	0.0	0.0	0.0	0.0	15.00	0.0	15.00	0.0	0.0	5.00	0.0	15.00	5.00	0.0	0.0	0.0	0.0	0.0	0.0	0.0	65.00	0.0	0.0	5.00	0.0	0.0	10.00	5.00	0.0	0.0	0.0	0.0	0.0	5.00	5.00	5.00	0.0	0.0	0.0	0.0	5.00	0.0	20.00	10.00	10.00	20.00	0.0	20.00	0.0	0.0	0.0	0.0	0.0	15.00	10.00	0.0	0.0	0.0	5.00	15.00	0.0	0.0	10.00
JAKE	2	2.0	0.0	0.0	0.0	0.0	0.0	0.0	0.0	0.0	0.0	0.0	0.0	0.0	0.0	50.00	0.0	0.0	50.00	0.0	0.0	0.0	0.0	0.0	0.0	0.0	0.0	0.0	0.0	0.0	0.0	0.0	0.0	0.0	0.0	0.0	0.0	0.0	0.0	0.0	0.0	0.0	0.0	0.0	0.0	0.0	0.0	0.0	0.0	0.0	0.0	0.0	0.0	0.0	0.0	0.0	0.0	0.0	50.00	0.0	0.0	0.0	0.0	0.0	0.0	0.0	0.0	0.0	0.0	0.0	0.0	0.0	0.0	0.0	0.0	0.0	0.0	0.0	0.0	0.0
JAKE	12	12.0	0.0	0.0	0.0	0.0	0.0	0.0	0.0	0.0	0.0	0.0	0.0	0.0	0.0	8.33	0.0	8.33	8.33	0.0	0.0	16.67	0.0	0.0	0.0	0.0	0.0	0.0	8.33	0.0	0.0	0.0	8.33	0.0	0.0	0.0	0.0	58.33	0.0	0.0	0.0	0.0	8.33	0.0	0.0	0.0	0.0	0.0	0.0	8.33	0.0	0.0	0.0	0.0	0.0	0.0	8.33	0.0	8.33	16.67	16.67	0.0	16.67	0.0	8.33	0.0	0.0	0.0	0.0	0.0	25.00	0.0	0.0	0.0	0.0	8.33	8.33	0.0	0.0	16.67
JAKE	8	8.0	0.0	0.0	0.0	0.0	0.0	0.0	0.0	0.0	0.0	0.0	0.0	0.0	0.0	0.0	12.50	12.50	12.50	0.0	0.0	12.50	0.0	12.50	0.0	0.0	0.0	0.0	12.50	0.0	0.0	0.0	0.0	0.0	0.0	0.0	0.0	50.00	12.50	0.0	0.0	0.0	0.0	0.0	12.50	0.0	0.0	0.0	0.0	0.0	0.0	0.0	0.0	0.0	0.0	0.0	0.0	0.0	12.50	25.00	0.0	12.50	25.00	0.0	25.00	0.0	0.0	0.0	0.0	12.50	37.50	0.0	0.0	0.0	0.0	25.00	25.00	12.50	0.0	0.0
LILY	2	2.0	0.0	0.0	0.0	0.0	0.0	0.0	0.0	0.0	0.0	0.0	0.0	0.0	0.0	0.0	0.0	0.0	0.0	0.0	0.0	0.0	0.0	50.00	0.0	0.0	0.0	0.0	0.0	0.0	0.0	0.0	0.0	0.0	0.0	0.0	0.0	100.00	0.0	0.0	0.0	0.0	0.0	0.0	0.0	0.0	0.0	0.0	0.0	0.0	0.0	50.00	0.0	0.0	0.0	0.0	50.00	0.0	0.0	100.00	0.0	50.00	100.00	0.0	50.00	0.0	0.0	0.0	0.0	100.00	100.00	0.0	0.0	0.0	0.0	0.0	100.00	0.0	0.0	0.0
JAKE	1	1.0	0.0	0.0	0.0	0.0	0.0	0.0	0.0	0.0	0.0	0.0	0.0	0.0	0.0	0.0	0.0	0.0	0.0	0.0	0.0	0.0	0.0	0.0	0.0	0.0	0.0	0.0	0.0	0.0	0.0	0.0	0.0	0.0	0.0	0.0	0.0	0.0	0.0	0.0	0.0	0.0	0.0	0.0	0.0	0.0	0.0	0.0	0.0	0.0	0.0	0.0	0.0	0.0	100.00	0.0	0.0	0.0	0.0	0.0	0.0	0.0	0.0	0.0	0.0	0.0	0.0	0.0	0.0	0.0	0.0	0.0	0.0	0.0	0.0	0.0	0.0	0.0	0.0	0.0
LILY	6	6.0	0.0	0.0	0.0	0.0	0.0	0.0	0.0	0.0	0.0	0.0	0.0	0.0	0.0	16.67	0.0	0.0	0.0	0.0	0.0	16.67	0.0	16.67	16.67	16.67	0.0	0.0	0.0	0.0	0.0	0.0	0.0	0.0	16.67	0.0	0.0	33.33	16.67	0.0	0.0	0.0	0.0	16.67	0.0	0.0	0.0	0.0	0.0	0.0	0.0	16.67	0.0	0.0	0.0	0.0	0.0	16.67	0.0	16.67	0.0	33.33	16.67	0.0	16.67	0.0	0.0	0.0	0.0	0.0	0.0	0.0	0.0	0.0	0.0	0.0	50.00	0.0	0.0	0.0
JAKE	1	1.0	0.0	0.0	0.0	0.0	0.0	0.0	0.0	0.0	0.0	0.0	0.0	0.0	0.0	0.0	0.0	0.0	0.0	0.0	0.0	0.0	0.0	0.0	0.0	0.0	0.0	0.0	0.0	0.0	0.0	0.0	0.0	0.0	0.0	0.0	0.0	0.0	0.0	0.0	0.0	0.0	0.0	0.0	0.0	0.0	0.0	0.0	0.0	0.0	0.0	0.0	0.0	0.0	100.00	0.0	0.0	0.0	0.0	0.0	0.0	0.0	0.0	0.0	0.0	0.0	0.0	0.0	0.0	0.0	0.0	0.0	0.0	0.0	0.0	0.0	0.0	0.0	0.0	0.0
JAKE	6	6.0	0.0	0.0	0.0	0.0	0.0	0.0	0.0	0.0	0.0	0.0	0.0	0.0	0.0	16.67	0.0	0.0	16.67	0.0	0.0	0.0	0.0	16.67	0.0	0.0	0.0	33.33	33.33	0.0	0.0	0.0	0.0	0.0	0.0	0.0	0.0	83.33	0.0	0.0	0.0	0.0	0.0	0.0	0.0	0.0	0.0	0.0	33.33	16.67	0.0	0.0	0.0	0.0	0.0	0.0	16.67	0.0	16.67	0.0	16.67	0.0	33.33	16.67	16.67	0.0	0.0	0.0	0.0	0.0	16.67	16.67	0.0	0.0	0.0	0.0	16.67	0.0	0.0	0.0
MOONAN	101	101.0	0.0	0.0	0.0	0.0	0.0	0.0	0.0	0.0	0.0	0.0	0.0	0.0	0.0	10.89	0.99	9.90	2.97	0.99	0.99	5.94	0.99	16.83	0.0	0.0	0.99	0.0	13.86	4.95	0.0	0.99	3.96	0.0	0.99	0.0	0.0	69.31	2.97	0.0	0.99	0.0	0.99	13.86	1.98	0.0	0.0	3.96	13.86	0.99	0.0	0.0	0.99	1.98	0.0	0.0	1.98	2.97	0.99	24.75	4.95	18.81	38.61	0.0	9.90	0.0	0.0	0.99	0.0	3.96	19.80	5.94	0.99	4.95	0.99	2.97	25.74	0.0	0.99	5.94
MOONAN	11	11.0	0.0	0.0	0.0	0.0	0.0	0.0	0.0	0.0	0.0	0.0	0.0	0.0	0.0	0.0	0.0	9.09	9.09	0.0	0.0	0.0	0.0	27.27	0.0	0.0	0.0	0.0	0.0	9.09	0.0	0.0	0.0	0.0	0.0	0.0	0.0	72.73	9.09	0.0	0.0	0.0	0.0	18.18	0.0	0.0	0.0	0.0	9.09	0.0	0.0	9.09	0.0	0.0	0.0	0.0	0.0	0.0	9.09	27.27	9.09	27.27	36.36	0.0	9.09	0.0	0.0	0.0	0.0	0.0	9.09	0.0	0.0	0.0	0.0	0.0	36.36	0.0	0.0	9.09
SOBOZINSKI	5	5.0	0.0	0.0	0.0	0.0	0.0	0.0	0.0	0.0	0.0	0.0	0.0	0.0	0.0	20.00	0.0	0.0	0.0	0.0	0.0	0.0	0.0	0.0	20.00	20.00	0.0	0.0	40.00	0.0	0.0	0.0	0.0	0.0	0.0	0.0	0.0	20.00	0.0	0.0	0.0	0.0	0.0	0.0	20.00	0.0	0.0	20.00	0.0	0.0	0.0	0.0	0.0	0.0	0.0	0.0	20.00	0.0	0.0	20.00	0.0	20.00	20.00	0.0	0.0	0.0	0.0	0.0	20.00	0.0	20.00	0.0	20.00	0.0	0.0	0.0	40.00	20.00	0.0	0.0
MOONAN	54	54.0	0.0	0.0	0.0	0.0	0.0	0.0	0.0	0.0	0.0	0.0	0.0	0.0	0.0	14.81	1.85	11.11	5.56	3.70	0.0	3.70	0.0	9.26	1.85	0.0	3.70	1.85	22.22	5.56	0.0	1.85	5.56	0.0	0.0	0.0	0.0	61.11	0.0	0.0	0.0	0.0	3.70	14.81	9.26	0.0	0.0	1.85	0.0	0.0	0.0	1.85	1.85	3.70	0.0	0.0	5.56	0.0	1.85	24.07	9.26	9.26	24.07	0.0	18.52	0.0	0.0	0.0	1.85	3.70	16.67	7.41	3.70	1.85	0.0	9.26	16.67	1.85	3.70	3.70
ROTTOVICH	15	15.0	6.67	0.0	0.0	0.0	6.67	0.0	0.0	0.0	0.0	0.0	0.0	0.0	0.0	6.67	6.67	0.0	0.0	0.0	0.0	6.67	0.0	6.67	0.0	0.0	0.0	0.0	40.00	0.0	0.0	0.0	6.67	0.0	0.0	0.0	0.0	66.67	0.0	0.0	0.0	0.0	0.0	0.0	26.67	0.0	0.0	6.67	6.67	0.0	0.0	0.0	0.0	0.0	0.0	0.0	6.67	0.0	0.0	33.33	20.00	13.33	40.00	0.0	13.33	0.0	0.0	0.0	0.0	13.33	40.00	6.67	0.0	6.67	0.0	6.67	20.00	13.33	0.0	6.67
MOONAN	8	8.0	0.0	0.0	0.0	0.0	0.0	0.0	0.0	0.0	0.0	0.0	0.0	0.0	0.0	12.50	0.0	0.0	12.50	12.50	0.0	12.50	0.0	12.50	0.0	0.0	0.0	0.0	12.50	0.0	0.0	0.0	12.50	0.0	0.0	0.0	0.0	62.50	0.0	0.0	0.0	0.0	12.50	25.00	0.0	0.0	0.0	0.0	0.0	0.0	0.0	0.0	12.50	12.50	0.0	0.0	0.0	12.50	0.0	25.00	12.50	25.00	25.00	0.0	0.0	0.0	0.0	12.50	0.0	0.0	12.50	0.0	0.0	0.0	0.0	0.0	25.00	0.0	0.0	0.0
MOONAN	41	41.0	0.0	0.0	0.0	0.0	0.0	0.0	0.0	0.0	0.0	0.0	0.0	0.0	0.0	7.32	4.88	2.44	12.20	2.44	0.0	4.88	0.0	19.51	2.44	2.44	2.44	0.0	17.07	7.32	4.88	2.44	2.44	2.44	0.0	0.0	0.0	58.54	7.32	0.0	0.0	0.0	2.44	17.07	4.88	0.0	2.44	2.44	2.44	0.0	0.0	0.0	0.0	4.88	0.0	2.44	2.44	2.44	7.32	29.27	2.44	17.07	31.71	0.0	2.44	0.0	2.44	0.0	0.0	0.0	17.07	2.44	2.44	2.44	0.0	0.0	26.83	0.0	0.0	12.20
JAKE	12	12.0	0.0	0.0	0.0	0.0	0.0	0.0	0.0	0.0	0.0	0.0	0.0	0.0	0.0	16.67	0.0	0.0	8.33	0.0	0.0	8.33	0.0	16.67	8.33	0.0	0.0	0.0	25.00	0.0	0.0	8.33	0.0	0.0	0.0	0.0	0.0	58.33	8.33	0.0	0.0	0.0	0.0	0.0	8.33	8.33	0.0	8.33	0.0	0.0	0.0	0.0	8.33	0.0	0.0	8.33	8.33	8.33	8.33	16.67	8.33	16.67	16.67	0.0	0.0	0.0	0.0	0.0	0.0	0.0	16.67	0.0	0.0	0.0	0.0	0.0	33.33	0.0	0.0	16.67
JAKE	54	54.0	0.0	0.0	0.0	0.0	0.0	0.0	0.0	0.0	0.0	0.0	0.0	0.0	0.0	5.56	1.85	9.26	5.56	0.0	0.0	7.41	0.0	11.11	3.70	0.0	0.0	1.85	18.52	9.26	0.0	3.70	3.70	0.0	0.0	0.0	1.85	68.52	1.85	0.0	0.0	0.0	0.0	0.0	5.56	3.70	0.0	1.85	1.85	0.0	0.0	1.85	0.0	1.85	1.85	9.26	7.41	1.85	3.70	7.41	12.96	1.85	9.26	1.85	18.52	0.0	0.0	0.0	0.0	0.0	9.26	7.41	0.0	7.41	0.0	9.26	12.96	0.0	0.0	7.41
BUTCH	4	4.0	0.0	0.0	0.0	0.0	0.0	0.0	0.0	0.0	0.0	0.0	0.0	0.0	0.0	25.00	0.0	0.0	25.00	25.00	0.0	25.00	0.0	25.00	25.00	0.0	0.0	0.0	0.0	0.0	0.0	0.0	0.0	0.0	0.0	0.0	0.0	75.00	0.0	0.0	0.0	0.0	0.0	0.0	0.0	0.0	0.0	0.0	0.0	0.0	0.0	0.0	0.0	25.00	0.0	0.0	0.0	0.0	0.0	50.00	0.0	25.00	50.00	0.0	0.0	0.0	0.0	0.0	25.00	0.0	50.00	0.0	25.00	0.0	0.0	0.0	25.00	0.0	0.0	50.00
JAKE	7	7.0	0.0	0.0	0.0	0.0	0.0	0.0	0.0	0.0	0.0	0.0	0.0	0.0	0.0	14.29	0.0	14.29	42.86	0.0	0.0	28.57	0.0	0.0	0.0	0.0	0.0	0.0	14.29	0.0	0.0	0.0	0.0	0.0	0.0	0.0	0.0	57.14	0.0	0.0	0.0	0.0	0.0	0.0	0.0	0.0	0.0	0.0	14.29	0.0	0.0	0.0	0.0	14.29	0.0	0.0	0.0	0.0	28.57	0.0	0.0	0.0	14.29	0.0	0.0	0.0	0.0	0.0	0.0	0.0	0.0	0.0	0.0	14.29	0.0	0.0	0.0	0.0	0.0	0.0
BUTCH	2	2.0	0.0	0.0	0.0	0.0	0.0	0.0	0.0	0.0	0.0	0.0	0.0	0.0	0.0	0.0	0.0	0.0	0.0	0.0	0.0	0.0	0.0	0.0	0.0	0.0	0.0	0.0	0.0	0.0	0.0	0.0	0.0	0.0	0.0	0.0	0.0	50.00	0.0	0.0	0.0	0.0	0.0	0.0	0.0	0.0	0.0	0.0	50.00	0.0	0.0	0.0	0.0	0.0	0.0	0.0	0.0	0.0	0.0	0.0	0.0	0.0	50.00	0.0	0.0	0.0	0.0	0.0	0.0	0.0	0.0	0.0	0.0	0.0	0.0	0.0	0.0	0.0	0.0	0.0
JAKE	30	30.0	0.0	0.0	0.0	0.0	0.0	0.0	0.0	0.0	0.0	0.0	0.0	0.0	0.0	13.33	0.0	0.0	10.00	0.0	0.0	10.00	0.0	10.00	0.0	0.0	0.0	3.33	20.00	3.33	0.0	0.0	6.67	0.0	0.0	0.0	0.0	63.33	0.0	0.0	0.0	0.0	0.0	0.0	0.0	0.0	0.0	6.67	20.00	0.0	0.0	0.0	3.33	6.67	0.0	6.67	0.0	3.33	3.33	3.33	10.00	13.33	23.33	3.33	6.67	0.0	0.0	3.33	0.0	0.0	3.33	6.67	0.0	3.33	0.0	0.0	16.67	0.0	0.0	3.33
JAKE	8	8.0	0.0	0.0	0.0	0.0	0.0	0.0	0.0	0.0	0.0	0.0	0.0	0.0	0.0	0.0	0.0	12.50	25.00	0.0	0.0	0.0	0.0	0.0	0.0	0.0	0.0	0.0	50.00	25.00	0.0	25.00	25.00	0.0	0.0	0.0	0.0	62.50	0.0	0.0	0.0	0.0	0.0	0.0	0.0	0.0	0.0	0.0	0.0	0.0	0.0	0.0	0.0	12.50	0.0	0.0	0.0	0.0	12.50	12.50	25.00	0.0	12.50	0.0	0.0	0.0	0.0	0.0	0.0	0.0	25.00	0.0	0.0	25.00	0.0	0.0	0.0	0.0	0.0	12.50
MILES	5	5.0	0.0	0.0	0.0	0.0	0.0	0.0	0.0	0.0	0.0	0.0	0.0	0.0	0.0	0.0	0.0	20.00	20.00	20.00	0.0	20.00	0.0	20.00	0.0	0.0	0.0	0.0	0.0	0.0	0.0	0.0	0.0	0.0	0.0	0.0	0.0	80.00	0.0	0.0	0.0	0.0	0.0	0.0	0.0	0.0	0.0	0.0	0.0	0.0	0.0	0.0	0.0	20.00	0.0	0.0	0.0	0.0	0.0	20.00	0.0	20.00	20.00	0.0	20.00	20.00	0.0	0.0	0.0	20.00	20.00	20.00	20.00	0.0	0.0	0.0	20.00	0.0	0.0	0.0
JAKE	1	1.0	0.0	0.0	0.0	0.0	0.0	0.0	0.0	0.0	0.0	0.0	0.0	0.0	0.0	100.00	0.0	0.0	0.0	0.0	0.0	0.0	0.0	0.0	0.0	0.0	0.0	0.0	0.0	0.0	0.0	0.0	0.0	0.0	0.0	0.0	0.0	0.0	0.0	0.0	0.0	0.0	0.0	0.0	0.0	0.0	0.0	0.0	0.0	0.0	0.0	0.0	0.0	0.0	0.0	0.0	0.0	0.0	0.0	0.0	0.0	0.0	0.0	0.0	0.0	0.0	0.0	0.0	0.0	0.0	0.0	0.0	0.0	0.0	0.0	0.0	0.0	0.0	0.0	0.0
JAKE	1	1.0	0.0	0.0	0.0	0.0	0.0	0.0	0.0	0.0	0.0	0.0	0.0	0.0	0.0	0.0	0.0	0.0	100.00	100.00	0.0	0.0	0.0	0.0	100.00	0.0	0.0	0.0	0.0	0.0	0.0	0.0	0.0	0.0	0.0	0.0	0.0	0.0	0.0	0.0	0.0	0.0	0.0	0.0	0.0	0.0	0.0	0.0	0.0	0.0	0.0	0.0	0.0	100.00	0.0	0.0	0.0	0.0	0.0	0.0	0.0	100.00	0.0	0.0	0.0	0.0	0.0	0.0	100.00	0.0	0.0	0.0	100.00	0.0	0.0	0.0	100.00	0.0	0.0	0.0
GORDO	2	2.0	0.0	0.0	0.0	0.0	0.0	0.0	0.0	0.0	0.0	0.0	0.0	0.0	0.0	0.0	0.0	0.0	50.00	50.00	0.0	0.0	50.00	0.0	50.00	50.00	0.0	0.0	0.0	0.0	0.0	0.0	0.0	0.0	0.0	0.0	0.0	0.0	0.0	0.0	0.0	0.0	0.0	0.0	0.0	0.0	0.0	0.0	0.0	0.0	0.0	0.0	0.0	50.00	0.0	0.0	0.0	0.0	0.0	0.0	0.0	0.0	0.0	0.0	0.0	0.0	0.0	0.0	0.0	0.0	0.0	0.0	50.00	0.0	0.0	0.0	0.0	0.0	0.0	0.0
JAKE	5	5.0	0.0	0.0	0.0	0.0	0.0	0.0	0.0	0.0	0.0	0.0	0.0	0.0	0.0	0.0	20.00	0.0	20.00	0.0	0.0	0.0	0.0	0.0	0.0	0.0	0.0	20.00	20.00	0.0	0.0	0.0	0.0	0.0	0.0	0.0	0.0	60.00	0.0	0.0	0.0	0.0	0.0	0.0	0.0	0.0	0.0	0.0	0.0	0.0	0.0	0.0	0.0	20.00	0.0	20.00	0.0	20.00	0.0	0.0	0.0	0.0	0.0	40.00	20.00	0.0	0.0	20.00	0.0	0.0	0.0	20.00	0.0	0.0	0.0	0.0	0.0	0.0	0.0	0.0
JAKE	4	4.0	0.0	0.0	0.0	0.0	0.0	0.0	0.0	0.0	0.0	0.0	0.0	0.0	0.0	0.0	0.0	0.0	25.00	25.00	0.0	0.0	0.0	0.0	0.0	0.0	0.0	0.0	0.0	0.0	25.00	0.0	0.0	0.0	0.0	0.0	0.0	0.0	0.0	0.0	0.0	0.0	0.0	0.0	0.0	0.0	0.0	0.0	0.0	0.0	0.0	0.0	0.0	25.00	0.0	0.0	0.0	0.0	0.0	0.0	0.0	0.0	0.0	0.0	0.0	0.0	0.0	0.0	0.0	0.0	0.0	0.0	0.0	0.0	0.0	0.0	0.0	0.0	0.0	0.0
JAKE	2	2.0	0.0	0.0	0.0	0.0	0.0	0.0	0.0	0.0	0.0	0.0	0.0	0.0	0.0	50.00	0.0	0.0	0.0	0.0	0.0	0.0	0.0	0.0	0.0	0.0	0.0	0.0	0.0	0.0	0.0	0.0	0.0	0.0	0.0	0.0	0.0	0.0	0.0	0.0	0.0	0.0	0.0	0.0	0.0	0.0	0.0	0.0	0.0	0.0	0.0	0.0	0.0	0.0	0.0	0.0	0.0	0.0	0.0	0.0	0.0	0.0	0.0	0.0	0.0	50.00	0.0	0.0	0.0	0.0	0.0	0.0	0.0	0.0	0.0	0.0	0.0	0.0	0.0	0.0
JAKE	3	3.0	0.0	0.0	0.0	0.0	0.0	0.0	0.0	0.0	0.0	0.0	0.0	0.0	0.0	66.67	0.0	0.0	33.33	0.0	0.0	0.0	0.0	0.0	0.0	0.0	0.0	0.0	33.33	0.0	0.0	0.0	0.0	0.0	0.0	0.0	0.0	0.0	0.0	0.0	0.0	0.0	0.0	0.0	0.0	0.0	33.33	0.0	0.0	0.0	0.0	0.0	0.0	33.33	0.0	0.0	0.0	0.0	0.0	0.0	0.0	0.0	0.0	0.0	0.0	0.0	33.33	0.0	0.0	0.0	0.0	0.0	0.0	0.0	0.0	0.0	0.0	0.0	0.0	0.0
LILY	11	11.0	0.0	0.0	0.0	0.0	0.0	0.0	0.0	0.0	0.0	0.0	0.0	0.0	0.0	9.09	0.0	18.18	9.09	0.0	0.0	0.0	0.0	9.09	0.0	0.0	9.09	0.0	9.09	9.09	0.0	0.0	0.0	0.0	0.0	0.0	0.0	54.55	0.0	0.0	0.0	0.0	0.0	0.0	0.0	0.0	0.0	0.0	0.0	0.0	0.0	0.0	0.0	0.0	0.0	0.0	0.0	9.09	9.09	18.18	9.09	18.18	18.18	0.0	9.09	0.0	0.0	9.09	0.0	0.0	18.18	9.09	0.0	0.0	0.0	0.0	18.18	0.0	0.0	18.18
JAKE	10	10.0	0.0	0.0	0.0	0.0	0.0	0.0	0.0	0.0	0.0	0.0	0.0	0.0	0.0	0.0	0.0	10.00	0.0	0.0	0.0	20.00	0.0	0.0	0.0	0.0	0.0	0.0	10.00	0.0	0.0	0.0	10.00	10.00	0.0	0.0	0.0	70.00	0.0	0.0	0.0	0.0	0.0	0.0	0.0	0.0	0.0	0.0	0.0	0.0	0.0	10.00	0.0	0.0	0.0	0.0	0.0	0.0	0.0	20.00	20.00	0.0	20.00	0.0	20.00	0.0	0.0	0.0	0.0	0.0	30.00	10.00	0.0	0.0	0.0	0.0	0.0	10.00	0.0	10.00
LILY	2	2.0	0.0	0.0	0.0	0.0	0.0	0.0	0.0	0.0	0.0	0.0	0.0	0.0	0.0	50.00	0.0	0.0	0.0	0.0	0.0	0.0	0.0	0.0	0.0	0.0	0.0	0.0	0.0	0.0	0.0	0.0	0.0	0.0	0.0	0.0	0.0	50.00	0.0	0.0	0.0	0.0	0.0	0.0	0.0	0.0	0.0	0.0	0.0	0.0	0.0	0.0	0.0	0.0	0.0	0.0	0.0	0.0	0.0	0.0	50.00	0.0	0.0	0.0	50.00	0.0	0.0	0.0	0.0	0.0	0.0	50.00	0.0	0.0	0.0	0.0	0.0	0.0	0.0	0.0
JAKE	13	13.0	0.0	0.0	0.0	0.0	0.0	0.0	0.0	0.0	0.0	0.0	0.0	0.0	0.0	7.69	0.0	0.0	15.38	7.69	0.0	15.38	0.0	0.0	7.69	0.0	0.0	7.69	15.38	7.69	0.0	0.0	7.69	0.0	0.0	0.0	0.0	53.85	0.0	0.0	0.0	7.69	0.0	0.0	0.0	0.0	0.0	0.0	0.0	0.0	0.0	0.0	0.0	7.69	0.0	0.0	0.0	0.0	7.69	7.69	15.38	0.0	7.69	7.69	7.69	0.0	0.0	0.0	7.69	0.0	7.69	7.69	7.69	0.0	0.0	0.0	0.0	0.0	0.0	7.69
JAKE	5	5.0	0.0	0.0	0.0	0.0	0.0	0.0	0.0	0.0	0.0	0.0	0.0	0.0	0.0	0.0	0.0	0.0	0.0	0.0	0.0	20.00	0.0	0.0	0.0	0.0	0.0	0.0	0.0	0.0	0.0	0.0	0.0	0.0	0.0	0.0	0.0	40.00	0.0	0.0	0.0	20.00	0.0	0.0	0.0	0.0	0.0	0.0	0.0	0.0	0.0	20.00	0.0	0.0	0.0	0.0	0.0	0.0	0.0	20.00	0.0	0.0	20.00	0.0	20.00	0.0	0.0	0.0	0.0	0.0	20.00	0.0	0.0	0.0	0.0	0.0	0.0	0.0	0.0	20.00
JAKE	3	3.0	0.0	0.0	0.0	0.0	0.0	0.0	0.0	0.0	0.0	0.0	0.0	0.0	0.0	0.0	0.0	0.0	0.0	0.0	0.0	0.0	0.0	0.0	0.0	0.0	0.0	0.0	33.33	0.0	33.33	0.0	0.0	0.0	0.0	0.0	0.0	33.33	0.0	0.0	0.0	0.0	0.0	0.0	0.0	0.0	0.0	33.33	33.33	0.0	0.0	0.0	0.0	0.0	0.0	0.0	0.0	0.0	0.0	0.0	0.0	33.33	33.33	0.0	0.0	0.0	0.0	0.0	0.0	0.0	0.0	0.0	0.0	0.0	0.0	0.0	33.33	0.0	0.0	0.0
JAKE	14	14.0	0.0	0.0	0.0	0.0	0.0	0.0	0.0	0.0	0.0	0.0	0.0	0.0	0.0	0.0	0.0	0.0	0.0	0.0	0.0	0.0	0.0	35.71	0.0	0.0	0.0	0.0	14.29	0.0	0.0	0.0	0.0	0.0	0.0	0.0	0.0	92.86	0.0	0.0	0.0	0.0	0.0	0.0	0.0	0.0	0.0	14.29	21.43	0.0	0.0	0.0	14.29	0.0	0.0	0.0	7.14	0.0	0.0	28.57	0.0	28.57	50.00	0.0	0.0	0.0	0.0	0.0	0.0	0.0	28.57	0.0	0.0	0.0	0.0	0.0	35.71	0.0	0.0	28.57
LILY	7	7.0	0.0	0.0	0.0	0.0	0.0	0.0	0.0	0.0	0.0	0.0	0.0	0.0	0.0	0.0	0.0	0.0	0.0	0.0	0.0	0.0	0.0	0.0	14.29	14.29	14.29	0.0	14.29	0.0	0.0	0.0	0.0	0.0	14.29	0.0	0.0	57.14	0.0	0.0	0.0	0.0	0.0	28.57	0.0	0.0	0.0	0.0	0.0	0.0	0.0	14.29	0.0	0.0	0.0	0.0	14.29	14.29	0.0	42.86	14.29	0.0	42.86	0.0	14.29	0.0	0.0	0.0	0.0	0.0	28.57	0.0	0.0	0.0	0.0	0.0	14.29	0.0	0.0	14.29
JAKE	16	16.0	0.0	0.0	0.0	0.0	0.0	0.0	0.0	0.0	0.0	0.0	0.0	0.0	0.0	0.0	0.0	6.25	6.25	6.25	0.0	0.0	0.0	18.75	0.0	0.0	0.0	0.0	25.00	0.0	12.50	0.0	0.0	0.0	0.0	0.0	0.0	87.50	0.0	0.0	0.0	0.0	0.0	0.0	6.25	0.0	0.0	12.50	25.00	0.0	0.0	0.0	0.0	6.25	0.0	0.0	0.0	0.0	0.0	37.50	6.25	31.25	62.50	6.25	0.0	0.0	0.0	0.0	0.0	0.0	37.50	0.0	0.0	6.25	0.0	0.0	31.25	18.75	0.0	18.75
LILY	4	4.0	0.0	0.0	0.0	0.0	0.0	0.0	0.0	0.0	0.0	0.0	0.0	0.0	0.0	25.00	0.0	0.0	25.00	0.0	0.0	0.0	0.0	25.00	0.0	0.0	0.0	0.0	25.00	0.0	0.0	0.0	25.00	0.0	0.0	0.0	0.0	75.00	0.0	0.0	0.0	0.0	0.0	25.00	0.0	0.0	0.0	0.0	25.00	0.0	0.0	0.0	0.0	25.00	0.0	0.0	25.00	0.0	0.0	25.00	0.0	25.00	50.00	0.0	0.0	0.0	25.00	0.0	0.0	0.0	0.0	0.0	0.0	25.00	0.0	0.0	50.00	0.0	0.0	0.0
GORDO	6	6.0	0.0	0.0	0.0	0.0	0.0	0.0	0.0	0.0	0.0	0.0	0.0	0.0	0.0	0.0	0.0	0.0	33.33	0.0	0.0	16.67	0.0	16.67	16.67	16.67	0.0	0.0	16.67	0.0	0.0	0.0	0.0	0.0	16.67	0.0	0.0	50.00	0.0	0.0	0.0	0.0	0.0	0.0	0.0	0.0	0.0	0.0	33.33	0.0	0.0	0.0	0.0	16.67	0.0	0.0	0.0	33.33	16.67	0.0	0.0	16.67	33.33	0.0	0.0	0.0	0.0	16.67	0.0	0.0	0.0	0.0	0.0	16.67	0.0	0.0	16.67	0.0	0.0	0.0
MILES	8	8.0	0.0	0.0	0.0	0.0	0.0	0.0	0.0	0.0	0.0	0.0	0.0	0.0	0.0	12.50	0.0	0.0	0.0	0.0	0.0	12.50	0.0	25.00	0.0	0.0	0.0	12.50	25.00	0.0	0.0	0.0	12.50	0.0	0.0	0.0	0.0	75.00	0.0	0.0	0.0	0.0	0.0	0.0	0.0	0.0	0.0	0.0	25.00	0.0	0.0	0.0	12.50	0.0	0.0	0.0	0.0	0.0	0.0	25.00	0.0	25.00	50.00	0.0	0.0	0.0	0.0	0.0	0.0	25.00	25.00	0.0	0.0	0.0	0.0	0.0	25.00	0.0	0.0	0.0
JAKE	19	19.0	0.0	0.0	0.0	0.0	0.0	0.0	0.0	0.0	0.0	0.0	0.0	0.0	0.0	10.53	0.0	0.0	21.05	5.26	0.0	5.26	0.0	31.58	0.0	0.0	0.0	0.0	10.53	0.0	0.0	0.0	0.0	0.0	0.0	0.0	0.0	68.42	0.0	0.0	0.0	0.0	0.0	0.0	0.0	0.0	0.0	0.0	5.26	0.0	0.0	0.0	15.79	15.79	0.0	0.0	0.0	0.0	5.26	15.79	10.53	36.84	21.05	0.0	5.26	5.26	0.0	0.0	0.0	0.0	15.79	5.26	0.0	5.26	0.0	0.0	36.84	0.0	0.0	15.79
LILY	7	7.0	0.0	0.0	0.0	0.0	0.0	0.0	0.0	0.0	0.0	0.0	0.0	0.0	0.0	14.29	0.0	14.29	14.29	0.0	0.0	0.0	14.29	0.0	0.0	0.0	0.0	0.0	14.29	14.29	0.0	0.0	0.0	0.0	14.29	0.0	0.0	57.14	0.0	0.0	0.0	0.0	0.0	0.0	0.0	0.0	0.0	14.29	14.29	0.0	0.0	0.0	0.0	0.0	0.0	0.0	0.0	14.29	14.29	0.0	14.29	0.0	14.29	14.29	0.0	0.0	0.0	0.0	0.0	0.0	0.0	0.0	0.0	0.0	0.0	0.0	0.0	0.0	0.0	0.0
JAKE	8	8.0	0.0	0.0	0.0	0.0	0.0	0.0	0.0	0.0	0.0	0.0	0.0	0.0	0.0	12.50	0.0	0.0	0.0	0.0	0.0	12.50	0.0	0.0	0.0	0.0	0.0	0.0	25.00	0.0	0.0	0.0	0.0	0.0	0.0	0.0	0.0	50.00	0.0	0.0	12.50	0.0	0.0	12.50	0.0	0.0	0.0	0.0	12.50	0.0	0.0	0.0	0.0	0.0	0.0	0.0	0.0	12.50	0.0	12.50	12.50	0.0	25.00	0.0	0.0	12.50	0.0	0.0	0.0	0.0	37.50	0.0	0.0	12.50	0.0	0.0	0.0	0.0	0.0	0.0
BUTCH	5	5.0	0.0	0.0	0.0	0.0	0.0	0.0	0.0	0.0	0.0	0.0	0.0	0.0	0.0	20.00	0.0	0.0	0.0	0.0	0.0	0.0	0.0	20.00	0.0	0.0	0.0	0.0	0.0	0.0	0.0	0.0	0.0	0.0	0.0	0.0	0.0	60.00	0.0	0.0	0.0	0.0	0.0	0.0	0.0	0.0	0.0	0.0	0.0	0.0	0.0	0.0	0.0	0.0	0.0	0.0	20.00	0.0	0.0	40.00	0.0	0.0	40.00	0.0	0.0	0.0	0.0	0.0	0.0	20.00	40.00	0.0	0.0	0.0	0.0	0.0	20.00	0.0	0.0	20.00
JAKE	49	49.0	0.0	0.0	0.0	0.0	0.0	0.0	0.0	0.0	0.0	0.0	0.0	0.0	0.0	16.33	0.0	0.0	18.37	6.12	0.0	8.16	0.0	2.04	12.24	2.04	2.04	0.0	14.29	2.04	0.0	0.0	0.0	2.04	0.0	0.0	0.0	61.22	0.0	8.16	0.0	0.0	2.04	2.04	6.12	0.0	0.0	0.0	4.08	4.08	0.0	0.0	0.0	12.24	0.0	12.24	2.04	0.0	6.12	14.29	14.29	4.08	18.37	6.12	14.29	0.0	0.0	0.0	2.04	8.16	18.37	8.16	4.08	2.04	4.08	6.12	6.12	0.0	0.0	0.0
LILY	8	8.0	0.0	0.0	0.0	0.0	0.0	0.0	0.0	0.0	0.0	0.0	0.0	0.0	0.0	25.00	0.0	0.0	12.50	12.50	0.0	0.0	0.0	0.0	0.0	0.0	0.0	0.0	25.00	0.0	0.0	0.0	0.0	0.0	0.0	0.0	0.0	37.50	0.0	0.0	0.0	0.0	0.0	0.0	0.0	0.0	0.0	0.0	12.50	0.0	0.0	12.50	0.0	12.50	0.0	0.0	0.0	0.0	0.0	12.50	12.50	12.50	25.00	0.0	25.00	0.0	0.0	0.0	0.0	12.50	12.50	12.50	12.50	25.00	0.0	0.0	12.50	0.0	0.0	0.0
LILY	6	6.0	0.0	0.0	0.0	0.0	0.0	0.0	0.0	0.0	0.0	0.0	0.0	0.0	0.0	16.67	0.0	0.0	16.67	0.0	0.0	0.0	0.0	33.33	0.0	0.0	0.0	0.0	16.67	0.0	0.0	16.67	0.0	0.0	0.0	0.0	0.0	66.67	16.67	0.0	0.0	0.0	0.0	16.67	0.0	0.0	0.0	0.0	0.0	0.0	0.0	0.0	0.0	0.0	0.0	0.0	0.0	0.0	16.67	33.33	0.0	16.67	33.33	0.0	0.0	0.0	0.0	0.0	0.0	0.0	16.67	0.0	0.0	0.0	0.0	0.0	33.33	0.0	0.0	16.67
GORDO	4	4.0	0.0	0.0	0.0	0.0	0.0	0.0	0.0	0.0	0.0	0.0	0.0	0.0	0.0	0.0	0.0	0.0	0.0	0.0	0.0	0.0	0.0	0.0	0.0	0.0	0.0	0.0	0.0	0.0	0.0	0.0	0.0	0.0	0.0	0.0	0.0	100.00	0.0	0.0	0.0	0.0	0.0	0.0	0.0	0.0	0.0	0.0	25.00	0.0	0.0	0.0	0.0	0.0	0.0	0.0	0.0	0.0	0.0	25.00	50.00	0.0	50.00	0.0	25.00	0.0	0.0	0.0	0.0	25.00	25.00	25.00	0.0	0.0	0.0	0.0	0.0	0.0	0.0	0.0
JAKE	4	4.0	0.0	0.0	0.0	0.0	0.0	0.0	0.0	0.0	0.0	0.0	0.0	0.0	0.0	0.0	0.0	0.0	0.0	0.0	0.0	0.0	0.0	25.00	0.0	0.0	0.0	0.0	0.0	0.0	0.0	0.0	0.0	0.0	0.0	0.0	0.0	125.00	0.0	0.0	0.0	0.0	0.0	0.0	0.0	0.0	0.0	0.0	25.00	0.0	0.0	0.0	0.0	0.0	0.0	0.0	0.0	0.0	0.0	50.00	50.00	25.00	75.00	0.0	25.00	0.0	0.0	0.0	0.0	50.00	50.00	25.00	0.0	0.0	0.0	0.0	25.00	0.0	0.0	0.0
BLONDE	4	4.0	0.0	0.0	0.0	0.0	0.0	0.0	0.0	0.0	0.0	0.0	0.0	0.0	0.0	0.0	0.0	0.0	0.0	0.0	0.0	0.0	0.0	25.00	0.0	0.0	0.0	0.0	0.0	0.0	0.0	0.0	0.0	0.0	0.0	0.0	0.0	50.00	0.0	0.0	0.0	0.0	0.0	0.0	0.0	0.0	0.0	0.0	25.00	0.0	0.0	0.0	0.0	0.0	0.0	0.0	25.00	0.0	0.0	0.0	0.0	25.00	25.00	0.0	0.0	0.0	0.0	0.0	0.0	0.0	0.0	0.0	0.0	0.0	0.0	0.0	50.00	0.0	0.0	0.0
ASHBY	3	3.0	0.0	0.0	0.0	0.0	0.0	0.0	0.0	0.0	0.0	0.0	0.0	0.0	0.0	0.0	0.0	0.0	33.33	0.0	0.0	0.0	0.0	0.0	0.0	0.0	0.0	0.0	0.0	0.0	0.0	0.0	0.0	0.0	0.0	0.0	0.0	33.33	0.0	0.0	0.0	0.0	0.0	0.0	0.0	0.0	0.0	0.0	0.0	0.0	0.0	0.0	33.33	0.0	33.33	0.0	0.0	0.0	33.33	0.0	0.0	0.0	0.0	0.0	0.0	0.0	0.0	0.0	0.0	0.0	0.0	0.0	0.0	0.0	0.0	0.0	0.0	0.0	0.0	0.0
BLONDE	1	1.0	0.0	0.0	0.0	0.0	0.0	0.0	0.0	0.0	0.0	0.0	0.0	0.0	0.0	0.0	0.0	0.0	100.00	0.0	0.0	0.0	0.0	0.0	0.0	0.0	0.0	0.0	0.0	0.0	0.0	0.0	0.0	0.0	0.0	0.0	0.0	0.0	0.0	0.0	0.0	0.0	0.0	0.0	0.0	0.0	0.0	0.0	0.0	0.0	0.0	0.0	0.0	0.0	0.0	0.0	0.0	0.0	100.00	0.0	0.0	100.00	0.0	0.0	0.0	0.0	0.0	0.0	0.0	0.0	0.0	0.0	0.0	0.0	0.0	0.0	100.00	0.0	0.0	0.0
LILY	3	3.0	0.0	0.0	0.0	0.0	0.0	0.0	0.0	0.0	0.0	0.0	0.0	0.0	0.0	0.0	0.0	0.0	33.33	0.0	0.0	0.0	0.0	33.33	0.0	0.0	0.0	0.0	0.0	0.0	0.0	0.0	0.0	0.0	0.0	0.0	0.0	66.67	0.0	0.0	0.0	0.0	0.0	66.67	0.0	0.0	0.0	0.0	0.0	0.0	0.0	0.0	0.0	33.33	0.0	0.0	0.0	0.0	0.0	66.67	0.0	33.33	66.67	0.0	33.33	0.0	0.0	0.0	0.0	0.0	0.0	0.0	0.0	0.0	0.0	33.33	33.33	0.0	0.0	0.0
LILY	13	13.0	0.0	0.0	0.0	0.0	0.0	0.0	0.0	0.0	0.0	0.0	0.0	0.0	0.0	0.0	0.0	0.0	0.0	0.0	0.0	0.0	0.0	23.08	0.0	0.0	0.0	0.0	15.38	7.69	0.0	0.0	15.38	0.0	0.0	0.0	0.0	84.62	0.0	0.0	0.0	0.0	0.0	23.08	0.0	0.0	0.0	0.0	7.69	0.0	0.0	0.0	15.38	0.0	0.0	0.0	7.69	0.0	0.0	30.77	15.38	23.08	38.46	0.0	15.38	0.0	0.0	0.0	0.0	0.0	15.38	7.69	0.0	0.0	0.0	7.69	30.77	0.0	0.0	7.69
ASHBY	7	7.0	0.0	0.0	0.0	0.0	0.0	0.0	0.0	0.0	0.0	0.0	0.0	0.0	0.0	0.0	0.0	0.0	14.29	0.0	0.0	0.0	0.0	28.57	0.0	0.0	14.29	14.29	42.86	14.29	0.0	14.29	14.29	0.0	0.0	0.0	0.0	85.71	0.0	0.0	0.0	0.0	0.0	14.29	0.0	0.0	0.0	0.0	14.29	0.0	0.0	0.0	14.29	0.0	0.0	0.0	14.29	0.0	14.29	42.86	0.0	14.29	57.14	0.0	0.0	0.0	0.0	0.0	0.0	0.0	28.57	0.0	0.0	14.29	0.0	0.0	42.86	0.0	0.0	28.57
BLONDE	7	7.0	0.0	0.0	0.0	0.0	0.0	0.0	0.0	0.0	0.0	0.0	0.0	0.0	0.0	0.0	0.0	14.29	14.29	0.0	0.0	0.0	14.29	14.29	0.0	0.0	0.0	0.0	14.29	0.0	0.0	0.0	0.0	0.0	0.0	0.0	0.0	57.14	0.0	0.0	0.0	0.0	0.0	14.29	0.0	0.0	0.0	14.29	0.0	0.0	0.0	0.0	14.29	14.29	0.0	0.0	14.29	0.0	0.0	28.57	0.0	14.29	28.57	0.0	0.0	0.0	0.0	0.0	0.0	0.0	14.29	0.0	0.0	0.0	0.0	0.0	28.57	0.0	0.0	14.29
LILY	2	2.0	0.0	0.0	0.0	0.0	0.0	0.0	0.0	0.0	0.0	0.0	0.0	0.0	0.0	50.00	0.0	0.0	50.00	0.0	0.0	0.0	0.0	0.0	0.0	0.0	0.0	0.0	50.00	0.0	0.0	50.00	0.0	0.0	0.0	0.0	0.0	50.00	0.0	0.0	0.0	0.0	0.0	0.0	0.0	0.0	0.0	0.0	0.0	0.0	0.0	0.0	50.00	50.00	0.0	0.0	0.0	0.0	0.0	0.0	0.0	0.0	0.0	0.0	0.0	0.0	0.0	0.0	0.0	0.0	0.0	0.0	0.0	0.0	0.0	0.0	0.0	0.0	0.0	0.0
LILY	12	12.0	0.0	0.0	0.0	0.0	0.0	0.0	0.0	0.0	0.0	0.0	0.0	0.0	0.0	8.33	0.0	8.33	16.67	0.0	0.0	8.33	0.0	8.33	0.0	0.0	0.0	0.0	16.67	8.33	0.0	0.0	8.33	0.0	0.0	0.0	0.0	75.00	0.0	0.0	0.0	0.0	0.0	8.33	8.33	0.0	0.0	0.0	0.0	8.33	0.0	0.0	0.0	0.0	0.0	0.0	0.0	0.0	16.67	8.33	33.33	16.67	8.33	0.0	16.67	0.0	0.0	0.0	0.0	0.0	0.0	0.0	0.0	0.0	0.0	8.33	16.67	0.0	0.0	0.0
ASHBY	2	2.0	0.0	0.0	0.0	0.0	0.0	0.0	0.0	0.0	0.0	0.0	0.0	0.0	0.0	0.0	0.0	0.0	50.00	0.0	0.0	0.0	0.0	0.0	0.0	0.0	0.0	0.0	0.0	0.0	0.0	0.0	0.0	0.0	0.0	0.0	0.0	0.0	0.0	0.0	0.0	0.0	0.0	0.0	0.0	0.0	0.0	0.0	0.0	0.0	0.0	0.0	0.0	50.00	0.0	0.0	0.0	0.0	0.0	0.0	0.0	0.0	0.0	0.0	50.00	0.0	0.0	0.0	0.0	0.0	0.0	0.0	0.0	0.0	0.0	50.00	0.0	0.0	0.0	0.0
LILY	26	26.0	0.0	0.0	0.0	0.0	0.0	0.0	0.0	0.0	0.0	0.0	0.0	0.0	0.0	11.54	0.0	3.85	3.85	3.85	0.0	7.69	0.0	11.54	3.85	0.0	0.0	0.0	19.23	3.85	0.0	0.0	3.85	0.0	0.0	0.0	0.0	57.69	0.0	0.0	3.85	0.0	0.0	3.85	3.85	3.85	0.0	7.69	3.85	3.85	3.85	0.0	0.0	3.85	0.0	0.0	0.0	3.85	0.0	15.38	11.54	19.23	19.23	0.0	11.54	0.0	0.0	0.0	0.0	0.0	19.23	7.69	0.0	3.85	3.85	3.85	19.23	0.0	0.0	7.69
ASHBY	4	4.0	0.0	0.0	0.0	0.0	0.0	0.0	0.0	0.0	0.0	0.0	0.0	0.0	0.0	0.0	0.0	0.0	0.0	0.0	0.0	0.0	0.0	0.0	0.0	0.0	25.00	0.0	25.00	0.0	0.0	0.0	0.0	0.0	0.0	0.0	0.0	0.0	0.0	0.0	0.0	0.0	0.0	0.0	0.0	0.0	0.0	0.0	0.0	25.00	0.0	0.0	0.0	0.0	25.00	0.0	0.0	0.0	0.0	0.0	0.0	0.0	0.0	0.0	0.0	0.0	0.0	0.0	0.0	0.0	0.0	0.0	0.0	0.0	0.0	0.0	0.0	0.0	0.0	0.0
ASHBY	5	5.0	0.0	0.0	0.0	0.0	0.0	0.0	0.0	0.0	0.0	0.0	0.0	0.0	0.0	0.0	0.0	0.0	0.0	0.0	0.0	0.0	0.0	0.0	0.0	0.0	0.0	0.0	20.00	0.0	0.0	0.0	0.0	0.0	0.0	0.0	0.0	20.00	0.0	0.0	0.0	0.0	0.0	20.00	0.0	0.0	0.0	0.0	0.0	0.0	0.0	0.0	0.0	0.0	0.0	0.0	0.0	0.0	0.0	20.00	0.0	0.0	20.00	0.0	0.0	0.0	0.0	0.0	0.0	0.0	20.00	0.0	0.0	0.0	0.0	0.0	0.0	0.0	0.0	0.0
LILY	9	9.0	0.0	0.0	0.0	0.0	0.0	0.0	0.0	0.0	0.0	0.0	0.0	0.0	0.0	11.11	0.0	0.0	11.11	11.11	0.0	0.0	11.11	11.11	0.0	0.0	0.0	0.0	11.11	11.11	0.0	0.0	0.0	0.0	0.0	0.0	0.0	33.33	0.0	0.0	0.0	0.0	0.0	22.22	11.11	0.0	0.0	0.0	0.0	0.0	0.0	0.0	0.0	11.11	0.0	0.0	0.0	0.0	0.0	22.22	0.0	11.11	22.22	0.0	0.0	11.11	0.0	0.0	0.0	0.0	0.0	0.0	0.0	0.0	0.0	0.0	11.11	0.0	0.0	0.0
ASHBY	5	5.0	0.0	0.0	0.0	0.0	0.0	0.0	0.0	0.0	0.0	0.0	0.0	0.0	0.0	0.0	0.0	20.00	0.0	0.0	0.0	0.0	0.0	40.00	0.0	0.0	0.0	0.0	0.0	20.00	0.0	0.0	0.0	0.0	0.0	0.0	0.0	100.00	0.0	0.0	0.0	0.0	0.0	0.0	0.0	0.0	0.0	0.0	20.00	0.0	0.0	0.0	0.0	0.0	0.0	0.0	0.0	0.0	0.0	20.00	0.0	40.00	40.00	0.0	0.0	0.0	0.0	0.0	0.0	0.0	20.00	0.0	0.0	0.0	0.0	0.0	40.00	0.0	0.0	20.00
LILY	39	39.0	0.0	0.0	0.0	0.0	0.0	0.0	0.0	0.0	0.0	0.0	0.0	0.0	0.0	12.82	5.13	5.13	2.56	0.0	0.0	7.69	0.0	12.82	0.0	0.0	0.0	0.0	10.26	7.69	0.0	0.0	2.56	0.0	0.0	0.0	2.56	66.67	0.0	0.0	0.0	0.0	2.56	7.69	5.13	0.0	2.56	0.0	10.26	0.0	0.0	0.0	5.13	0.0	0.0	0.0	2.56	0.0	2.56	10.26	12.82	12.82	20.51	2.56	17.95	0.0	0.0	0.0	0.0	0.0	7.69	10.26	0.0	0.0	0.0	7.69	17.95	2.56	2.56	0.0
ASHBY	2	2.0	0.0	0.0	0.0	0.0	0.0	0.0	0.0	0.0	0.0	0.0	0.0	0.0	0.0	50.00	0.0	0.0	0.0	0.0	0.0	0.0	0.0	0.0	0.0	0.0	0.0	0.0	0.0	0.0	0.0	0.0	0.0	0.0	0.0	0.0	0.0	0.0	0.0	0.0	0.0	0.0	0.0	0.0	0.0	0.0	0.0	0.0	0.0	0.0	0.0	0.0	0.0	0.0	0.0	0.0	0.0	0.0	0.0	0.0	0.0	0.0	0.0	0.0	0.0	0.0	0.0	0.0	0.0	0.0	0.0	0.0	0.0	0.0	0.0	0.0	0.0	0.0	0.0	0.0
LILY	25	25.0	0.0	0.0	0.0	0.0	0.0	0.0	0.0	0.0	0.0	0.0	0.0	0.0	0.0	24.00	4.00	8.00	4.00	0.0	0.0	4.00	0.0	16.00	4.00	4.00	0.0	0.0	32.00	8.00	0.0	0.0	0.0	0.0	0.0	0.0	0.0	64.00	0.0	0.0	0.0	0.0	0.0	0.0	24.00	0.0	0.0	4.00	12.00	0.0	8.00	0.0	0.0	0.0	0.0	0.0	4.00	0.0	4.00	20.00	8.00	12.00	32.00	0.0	16.00	0.0	0.0	0.0	0.0	0.0	20.00	16.00	0.0	4.00	0.0	0.0	24.00	20.00	4.00	0.0
ASHBY	2	2.0	50.00	0.0	0.0	0.0	50.00	0.0	0.0	0.0	0.0	0.0	0.0	0.0	0.0	0.0	0.0	0.0	0.0	0.0	0.0	0.0	0.0	50.00	0.0	0.0	0.0	0.0	0.0	0.0	0.0	0.0	0.0	0.0	0.0	0.0	0.0	50.00	0.0	0.0	0.0	0.0	0.0	0.0	0.0	0.0	0.0	0.0	0.0	0.0	0.0	0.0	0.0	0.0	0.0	0.0	0.0	0.0	0.0	0.0	0.0	50.00	0.0	0.0	0.0	0.0	0.0	0.0	0.0	0.0	0.0	0.0	0.0	0.0	0.0	0.0	50.00	0.0	0.0	0.0
LILY	6	6.0	0.0	0.0	0.0	0.0	0.0	0.0	0.0	0.0	0.0	0.0	0.0	0.0	0.0	0.0	0.0	0.0	16.67	0.0	0.0	16.67	0.0	0.0	0.0	0.0	0.0	0.0	0.0	0.0	0.0	0.0	0.0	0.0	0.0	0.0	0.0	66.67	0.0	0.0	0.0	0.0	0.0	16.67	0.0	0.0	0.0	0.0	0.0	0.0	0.0	0.0	0.0	0.0	0.0	0.0	0.0	0.0	16.67	16.67	33.33	0.0	16.67	0.0	16.67	0.0	0.0	0.0	0.0	0.0	0.0	16.67	0.0	0.0	0.0	0.0	0.0	0.0	0.0	0.0
LILY	22	22.0	0.0	0.0	0.0	0.0	0.0	0.0	0.0	0.0	0.0	0.0	0.0	4.55	0.0	13.64	0.0	13.64	4.55	0.0	0.0	4.55	0.0	18.18	0.0	0.0	9.09	9.09	36.36	9.09	0.0	0.0	4.55	0.0	0.0	0.0	0.0	68.18	0.0	0.0	4.55	0.0	0.0	0.0	9.09	0.0	0.0	0.0	9.09	0.0	4.55	0.0	4.55	0.0	0.0	0.0	9.09	4.55	4.55	13.64	9.09	13.64	22.73	9.09	9.09	0.0	0.0	0.0	0.0	0.0	27.27	0.0	0.0	0.0	4.55	9.09	22.73	9.09	4.55	0.0
ASHBY	20	20.0	0.0	0.0	0.0	0.0	0.0	0.0	0.0	0.0	0.0	0.0	0.0	0.0	0.0	35.00	5.00	5.00	10.00	0.0	0.0	5.00	0.0	10.00	0.0	0.0	0.0	0.0	20.00	5.00	0.0	5.00	5.00	0.0	0.0	0.0	0.0	40.00	0.0	0.0	0.0	0.0	0.0	0.0	0.0	0.0	0.0	0.0	0.0	0.0	15.00	0.0	0.0	5.00	5.00	0.0	0.0	0.0	5.00	5.00	10.00	15.00	5.00	5.00	5.00	5.00	0.0	0.0	0.0	0.0	5.00	5.00	0.0	5.00	0.0	0.0	15.00	0.0	5.00	5.00
LILY	11	11.0	0.0	0.0	0.0	0.0	0.0	0.0	0.0	0.0	0.0	0.0	0.0	0.0	0.0	9.09	0.0	9.09	0.0	0.0	0.0	9.09	0.0	9.09	0.0	0.0	0.0	0.0	0.0	0.0	0.0	0.0	0.0	0.0	0.0	0.0	0.0	63.64	0.0	0.0	0.0	0.0	0.0	9.09	0.0	0.0	0.0	0.0	0.0	0.0	0.0	0.0	9.09	0.0	0.0	0.0	9.09	0.0	0.0	27.27	9.09	9.09	27.27	0.0	18.18	0.0	0.0	0.0	0.0	0.0	27.27	0.0	0.0	0.0	0.0	18.18	18.18	9.09	0.0	9.09
ASHBY	10	10.0	0.0	0.0	0.0	0.0	0.0	0.0	0.0	0.0	0.0	0.0	0.0	0.0	0.0	10.00	10.00	0.0	0.0	0.0	0.0	10.00	0.0	0.0	0.0	0.0	0.0	0.0	0.0	0.0	0.0	0.0	0.0	0.0	0.0	0.0	0.0	70.00	0.0	0.0	0.0	0.0	0.0	10.00	0.0	0.0	0.0	0.0	10.00	0.0	10.00	0.0	30.00	0.0	0.0	0.0	0.0	0.0	0.0	10.00	10.00	0.0	20.00	0.0	10.00	0.0	0.0	0.0	0.0	0.0	0.0	10.00	0.0	0.0	0.0	0.0	0.0	0.0	10.00	0.0
LILY	8	8.0	0.0	0.0	0.0	0.0	0.0	0.0	0.0	0.0	0.0	0.0	0.0	0.0	0.0	0.0	0.0	12.50	0.0	0.0	0.0	0.0	0.0	12.50	0.0	0.0	0.0	0.0	37.50	0.0	0.0	12.50	12.50	0.0	0.0	0.0	0.0	50.00	0.0	0.0	0.0	0.0	0.0	0.0	12.50	0.0	0.0	0.0	0.0	0.0	0.0	0.0	0.0	0.0	0.0	12.50	25.00	0.0	0.0	12.50	0.0	12.50	12.50	0.0	25.00	0.0	0.0	0.0	0.0	0.0	25.00	0.0	0.0	0.0	0.0	25.00	37.50	12.50	0.0	0.0
LILY	4	4.0	0.0	0.0	0.0	0.0	0.0	0.0	0.0	0.0	0.0	0.0	0.0	0.0	0.0	25.00	0.0	25.00	0.0	0.0	0.0	0.0	0.0	25.00	0.0	0.0	0.0	0.0	0.0	0.0	0.0	0.0	0.0	0.0	0.0	0.0	25.00	75.00	0.0	0.0	0.0	0.0	25.00	25.00	0.0	0.0	0.0	0.0	0.0	0.0	0.0	0.0	0.0	0.0	0.0	0.0	0.0	0.0	0.0	25.00	0.0	25.00	25.00	0.0	0.0	0.0	0.0	0.0	0.0	0.0	25.00	0.0	0.0	0.0	0.0	0.0	25.00	0.0	0.0	0.0
ASHBY	6	6.0	0.0	0.0	0.0	0.0	0.0	0.0	0.0	0.0	0.0	0.0	0.0	0.0	0.0	0.0	0.0	16.67	33.33	0.0	0.0	16.67	16.67	0.0	16.67	0.0	0.0	0.0	0.0	0.0	0.0	0.0	0.0	0.0	0.0	0.0	0.0	50.00	0.0	0.0	0.0	0.0	0.0	0.0	0.0	16.67	0.0	0.0	0.0	16.67	0.0	0.0	0.0	0.0	16.67	0.0	0.0	0.0	33.33	0.0	16.67	16.67	0.0	0.0	0.0	0.0	0.0	0.0	0.0	0.0	0.0	0.0	0.0	0.0	0.0	0.0	16.67	0.0	0.0	0.0
LILY	15	15.0	0.0	0.0	0.0	0.0	0.0	0.0	0.0	0.0	0.0	0.0	0.0	0.0	0.0	6.67	0.0	6.67	6.67	0.0	0.0	0.0	0.0	20.00	0.0	0.0	0.0	0.0	13.33	6.67	0.0	6.67	13.33	0.0	0.0	0.0	0.0	80.00	0.0	0.0	0.0	0.0	0.0	6.67	0.0	0.0	0.0	0.0	0.0	0.0	0.0	6.67	0.0	0.0	0.0	0.0	6.67	0.0	6.67	46.67	13.33	13.33	46.67	0.0	6.67	0.0	0.0	0.0	0.0	0.0	53.33	0.0	0.0	6.67	0.0	0.0	26.67	6.67	0.0	33.33
JAKE	13	13.0	0.0	0.0	0.0	0.0	0.0	0.0	0.0	0.0	0.0	0.0	0.0	0.0	0.0	0.0	0.0	7.69	0.0	0.0	0.0	0.0	0.0	7.69	7.69	7.69	0.0	0.0	15.38	0.0	0.0	0.0	0.0	0.0	0.0	0.0	0.0	76.92	0.0	0.0	0.0	0.0	0.0	0.0	15.38	0.0	0.0	0.0	0.0	0.0	0.0	0.0	0.0	0.0	0.0	7.69	15.38	0.0	0.0	23.08	30.77	0.0	23.08	0.0	23.08	0.0	0.0	0.0	0.0	15.38	23.08	15.38	0.0	0.0	0.0	7.69	15.38	7.69	0.0	0.0
GORDO	32	32.0	0.0	0.0	0.0	0.0	0.0	0.0	0.0	0.0	0.0	0.0	0.0	3.12	0.0	15.62	3.12	3.12	9.38	3.12	0.0	12.50	0.0	0.0	3.12	3.12	3.12	0.0	12.50	12.50	0.0	0.0	0.0	0.0	0.0	0.0	0.0	43.75	0.0	0.0	3.12	0.0	3.12	0.0	9.38	0.0	0.0	0.0	0.0	0.0	0.0	6.25	0.0	3.12	0.0	3.12	0.0	3.12	6.25	0.0	15.62	0.0	0.0	0.0	25.00	0.0	0.0	0.0	0.0	0.0	6.25	15.62	3.12	0.0	0.0	3.12	0.0	0.0	12.50	0.0
JAKE	34	34.0	2.94	0.0	0.0	0.0	2.94	0.0	0.0	0.0	0.0	0.0	0.0	2.94	0.0	8.82	2.94	2.94	8.82	0.0	0.0	0.0	0.0	5.88	0.0	0.0	2.94	0.0	14.71	11.76	0.0	0.0	0.0	0.0	0.0	0.0	0.0	52.94	0.0	0.0	5.88	0.0	0.0	2.94	11.76	0.0	0.0	0.0	2.94	2.94	0.0	0.0	0.0	8.82	0.0	0.0	0.0	8.82	0.0	23.53	8.82	8.82	26.47	2.94	11.76	0.0	0.0	2.94	0.0	14.71	23.53	8.82	0.0	0.0	0.0	2.94	8.82	2.94	14.71	2.94
MILES	41	41.0	0.0	0.0	0.0	0.0	0.0	0.0	0.0	0.0	0.0	0.0	0.0	0.0	0.0	12.20	2.44	9.76	2.44	0.0	0.0	12.20	0.0	9.76	2.44	2.44	0.0	0.0	14.63	9.76	0.0	2.44	2.44	0.0	0.0	0.0	0.0	60.98	0.0	0.0	2.44	4.88	0.0	0.0	4.88	0.0	2.44	2.44	2.44	4.88	0.0	2.44	2.44	0.0	0.0	0.0	4.88	2.44	2.44	7.32	9.76	7.32	9.76	4.88	19.51	0.0	0.0	0.0	0.0	7.32	7.32	12.20	0.0	0.0	0.0	4.88	14.63	0.0	2.44	0.0
GORDO	10	10.0	0.0	0.0	0.0	0.0	0.0	0.0	0.0	0.0	0.0	0.0	0.0	0.0	0.0	10.00	10.00	0.0	0.0	0.0	0.0	10.00	0.0	20.00	0.0	0.0	20.00	0.0	20.00	0.0	0.0	0.0	0.0	0.0	0.0	0.0	0.0	60.00	0.0	0.0	0.0	10.00	0.0	10.00	0.0	0.0	0.0	0.0	0.0	10.00	0.0	0.0	10.00	0.0	0.0	0.0	10.00	0.0	0.0	10.00	20.00	20.00	10.00	0.0	0.0	0.0	0.0	0.0	0.0	0.0	10.00	0.0	0.0	0.0	0.0	0.0	30.00	0.0	0.0	0.0
LUPUS	4	4.0	0.0	0.0	0.0	0.0	0.0	0.0	0.0	0.0	0.0	0.0	0.0	0.0	0.0	25.00	0.0	25.00	0.0	0.0	0.0	25.00	0.0	0.0	0.0	0.0	0.0	0.0	25.00	0.0	0.0	0.0	0.0	0.0	0.0	0.0	0.0	100.00	0.0	0.0	0.0	0.0	0.0	0.0	25.00	0.0	0.0	0.0	25.00	0.0	0.0	0.0	0.0	0.0	0.0	0.0	0.0	0.0	0.0	0.0	25.00	0.0	25.00	0.0	0.0	0.0	0.0	0.0	0.0	0.0	0.0	0.0	0.0	0.0	0.0	0.0	0.0	0.0	0.0	0.0
JAKE	19	19.0	0.0	0.0	0.0	0.0	0.0	0.0	0.0	0.0	0.0	0.0	0.0	0.0	0.0	15.79	0.0	5.26	5.26	5.26	0.0	0.0	0.0	10.53	5.26	5.26	5.26	0.0	21.05	10.53	0.0	0.0	0.0	0.0	0.0	0.0	0.0	68.42	0.0	0.0	0.0	0.0	0.0	0.0	10.53	0.0	0.0	5.26	21.05	0.0	5.26	0.0	5.26	5.26	5.26	0.0	5.26	0.0	0.0	10.53	5.26	10.53	31.58	10.53	15.79	0.0	0.0	0.0	0.0	0.0	10.53	5.26	5.26	0.0	0.0	10.53	15.79	10.53	10.53	0.0
ASHBY	9	9.0	0.0	0.0	0.0	0.0	0.0	0.0	0.0	0.0	0.0	0.0	0.0	0.0	0.0	0.0	0.0	0.0	11.11	11.11	0.0	11.11	0.0	0.0	0.0	0.0	0.0	0.0	11.11	0.0	0.0	0.0	0.0	0.0	0.0	0.0	0.0	44.44	0.0	0.0	0.0	0.0	11.11	11.11	0.0	0.0	0.0	0.0	11.11	0.0	0.0	0.0	0.0	11.11	0.0	0.0	0.0	0.0	0.0	22.22	0.0	11.11	33.33	0.0	0.0	0.0	0.0	0.0	0.0	0.0	22.22	0.0	0.0	11.11	0.0	0.0	11.11	0.0	0.0	11.11
GORDO	5	5.0	0.0	0.0	0.0	0.0	0.0	0.0	0.0	0.0	0.0	0.0	0.0	0.0	0.0	40.00	20.00	0.0	0.0	0.0	0.0	0.0	0.0	0.0	0.0	0.0	0.0	0.0	0.0	0.0	0.0	0.0	0.0	0.0	0.0	0.0	0.0	60.00	0.0	0.0	0.0	0.0	0.0	0.0	0.0	0.0	0.0	0.0	0.0	0.0	0.0	0.0	0.0	0.0	0.0	0.0	0.0	0.0	0.0	20.00	20.00	0.0	20.00	20.00	0.0	0.0	0.0	0.0	0.0	0.0	20.00	0.0	0.0	0.0	0.0	0.0	0.0	20.00	20.00	0.0
LILY	12	12.0	0.0	0.0	0.0	0.0	0.0	0.0	0.0	0.0	0.0	0.0	0.0	0.0	0.0	8.33	8.33	8.33	0.0	0.0	0.0	0.0	0.0	8.33	0.0	0.0	0.0	0.0	8.33	8.33	8.33	0.0	0.0	0.0	0.0	0.0	0.0	66.67	0.0	0.0	0.0	0.0	0.0	0.0	8.33	0.0	0.0	0.0	8.33	0.0	8.33	0.0	0.0	0.0	0.0	0.0	0.0	0.0	0.0	16.67	16.67	8.33	25.00	8.33	8.33	0.0	0.0	0.0	0.0	0.0	16.67	8.33	0.0	0.0	0.0	0.0	8.33	8.33	8.33	8.33
ASHBY	4	4.0	0.0	0.0	0.0	0.0	0.0	0.0	0.0	0.0	0.0	0.0	0.0	0.0	0.0	25.00	0.0	0.0	0.0	0.0	0.0	0.0	0.0	0.0	0.0	0.0	0.0	0.0	0.0	0.0	0.0	0.0	0.0	0.0	0.0	0.0	0.0	25.00	0.0	0.0	0.0	0.0	0.0	0.0	0.0	0.0	0.0	0.0	0.0	0.0	25.00	0.0	0.0	0.0	0.0	0.0	0.0	0.0	0.0	0.0	25.00	0.0	0.0	0.0	25.00	0.0	0.0	0.0	0.0	0.0	0.0	25.00	0.0	0.0	0.0	0.0	0.0	0.0	0.0	0.0
GORDO	13	13.0	0.0	0.0	0.0	0.0	0.0	0.0	0.0	0.0	0.0	0.0	0.0	0.0	0.0	7.69	0.0	0.0	0.0	0.0	0.0	7.69	0.0	7.69	0.0	0.0	7.69	0.0	15.38	7.69	0.0	0.0	0.0	0.0	0.0	0.0	0.0	61.54	0.0	0.0	0.0	0.0	7.69	7.69	0.0	0.0	0.0	7.69	23.08	0.0	0.0	0.0	0.0	0.0	0.0	0.0	0.0	0.0	0.0	23.08	7.69	15.38	46.15	0.0	7.69	0.0	0.0	0.0	0.0	7.69	23.08	7.69	0.0	0.0	0.0	0.0	15.38	0.0	7.69	7.69
ASHBY	3	3.0	0.0	0.0	0.0	0.0	0.0	0.0	0.0	0.0	0.0	0.0	0.0	0.0	0.0	0.0	0.0	0.0	33.33	0.0	0.0	0.0	33.33	66.67	0.0	0.0	0.0	0.0	0.0	0.0	0.0	0.0	0.0	0.0	0.0	0.0	0.0	133.33	0.0	0.0	0.0	0.0	0.0	0.0	0.0	0.0	0.0	0.0	0.0	0.0	0.0	0.0	0.0	0.0	0.0	0.0	0.0	0.0	33.33	133.33	0.0	66.67	133.33	0.0	0.0	0.0	0.0	0.0	0.0	133.33	133.33	0.0	0.0	0.0	0.0	0.0	66.67	0.0	0.0	0.0
GORDO	2	2.0	0.0	0.0	0.0	0.0	0.0	0.0	0.0	0.0	0.0	0.0	0.0	0.0	0.0	0.0	0.0	0.0	0.0	0.0	0.0	0.0	0.0	0.0	0.0	0.0	0.0	0.0	50.00	0.0	0.0	0.0	0.0	0.0	0.0	0.0	0.0	50.00	0.0	0.0	0.0	0.0	0.0	0.0	50.00	0.0	0.0	0.0	0.0	0.0	0.0	50.00	0.0	0.0	0.0	0.0	0.0	0.0	0.0	0.0	50.00	50.00	0.0	0.0	100.00	0.0	0.0	0.0	0.0	0.0	0.0	50.00	0.0	0.0	0.0	0.0	50.00	0.0	0.0	0.0
ASHBY	1	1.0	0.0	0.0	0.0	0.0	0.0	0.0	0.0	0.0	0.0	0.0	0.0	0.0	0.0	0.0	0.0	0.0	0.0	0.0	0.0	0.0	0.0	0.0	0.0	0.0	0.0	0.0	0.0	0.0	0.0	0.0	0.0	0.0	0.0	0.0	0.0	100.00	0.0	0.0	0.0	0.0	0.0	0.0	0.0	0.0	0.0	0.0	0.0	0.0	0.0	0.0	100.00	0.0	0.0	0.0	0.0	0.0	0.0	0.0	0.0	0.0	0.0	0.0	0.0	0.0	0.0	0.0	0.0	0.0	0.0	0.0	0.0	0.0	0.0	0.0	0.0	0.0	0.0	0.0
JAKE	9	9.0	0.0	0.0	0.0	0.0	0.0	0.0	0.0	0.0	0.0	0.0	0.0	0.0	0.0	0.0	0.0	0.0	0.0	0.0	0.0	0.0	0.0	22.22	0.0	0.0	0.0	0.0	0.0	0.0	0.0	0.0	0.0	0.0	0.0	0.0	0.0	77.78	0.0	0.0	0.0	0.0	0.0	0.0	0.0	0.0	0.0	0.0	11.11	0.0	11.11	0.0	0.0	0.0	0.0	0.0	0.0	0.0	0.0	22.22	22.22	22.22	33.33	0.0	22.22	0.0	0.0	0.0	0.0	0.0	22.22	22.22	0.0	0.0	0.0	0.0	22.22	0.0	0.0	22.22
ASHBY	9	9.0	0.0	0.0	0.0	0.0	0.0	0.0	0.0	0.0	0.0	0.0	0.0	0.0	0.0	11.11	0.0	0.0	0.0	0.0	0.0	11.11	0.0	33.33	0.0	0.0	0.0	0.0	0.0	0.0	0.0	0.0	0.0	0.0	0.0	0.0	0.0	88.89	0.0	0.0	0.0	0.0	0.0	33.33	0.0	0.0	0.0	0.0	11.11	0.0	11.11	0.0	0.0	0.0	0.0	0.0	0.0	0.0	0.0	33.33	11.11	33.33	44.44	0.0	0.0	0.0	0.0	0.0	0.0	0.0	0.0	0.0	0.0	0.0	0.0	0.0	33.33	0.0	22.22	0.0
MILES	18	18.0	0.0	0.0	0.0	0.0	0.0	0.0	0.0	0.0	0.0	0.0	0.0	0.0	0.0	0.0	0.0	22.22	5.56	0.0	0.0	5.56	0.0	11.11	0.0	0.0	0.0	0.0	22.22	11.11	0.0	0.0	0.0	0.0	0.0	0.0	0.0	72.22	0.0	0.0	0.0	0.0	0.0	0.0	11.11	0.0	0.0	5.56	11.11	0.0	0.0	0.0	5.56	0.0	0.0	0.0	5.56	0.0	5.56	16.67	5.56	16.67	27.78	0.0	16.67	0.0	0.0	0.0	0.0	0.0	27.78	5.56	0.0	5.56	0.0	11.11	22.22	5.56	5.56	11.11
ASHBY	3	3.0	0.0	0.0	0.0	0.0	0.0	0.0	0.0	0.0	0.0	0.0	0.0	0.0	0.0	0.0	0.0	0.0	0.0	0.0	0.0	0.0	33.33	33.33	0.0	0.0	0.0	0.0	0.0	0.0	0.0	0.0	0.0	0.0	0.0	0.0	0.0	66.67	0.0	0.0	0.0	0.0	0.0	0.0	0.0	0.0	0.0	0.0	66.67	0.0	0.0	0.0	0.0	0.0	0.0	0.0	0.0	0.0	0.0	0.0	0.0	33.33	66.67	0.0	33.33	0.0	0.0	0.0	0.0	0.0	0.0	33.33	0.0	0.0	0.0	0.0	33.33	0.0	0.0	0.0
JAKE	26	26.0	0.0	0.0	0.0	0.0	0.0	0.0	0.0	0.0	0.0	0.0	0.0	0.0	0.0	15.38	0.0	15.38	7.69	0.0	0.0	7.69	0.0	11.54	0.0	0.0	0.0	3.85	15.38	3.85	0.0	0.0	3.85	0.0	0.0	0.0	0.0	57.69	0.0	0.0	0.0	0.0	0.0	0.0	7.69	0.0	0.0	0.0	7.69	3.85	7.69	3.85	0.0	0.0	0.0	0.0	0.0	0.0	7.69	15.38	7.69	23.08	23.08	0.0	26.92	0.0	0.0	0.0	0.0	7.69	19.23	19.23	0.0	0.0	0.0	3.85	23.08	7.69	11.54	0.0
JAKE	14	14.0	0.0	0.0	0.0	0.0	0.0	0.0	0.0	0.0	0.0	0.0	0.0	0.0	0.0	21.43	0.0	21.43	0.0	0.0	0.0	7.14	0.0	14.29	0.0	0.0	0.0	0.0	14.29	7.14	0.0	0.0	0.0	0.0	7.14	0.0	0.0	64.29	0.0	0.0	0.0	0.0	0.0	0.0	0.0	0.0	0.0	7.14	14.29	0.0	14.29	0.0	0.0	0.0	0.0	0.0	0.0	7.14	0.0	14.29	7.14	21.43	28.57	0.0	0.0	0.0	0.0	0.0	0.0	0.0	21.43	0.0	0.0	7.14	0.0	0.0	21.43	7.14	7.14	7.14
ASHBY	12	12.0	8.33	0.0	0.0	0.0	8.33	0.0	0.0	0.0	0.0	0.0	0.0	0.0	0.0	25.00	0.0	8.33	8.33	0.0	0.0	0.0	0.0	16.67	0.0	0.0	0.0	0.0	16.67	16.67	0.0	0.0	8.33	0.0	0.0	0.0	0.0	75.00	0.0	0.0	8.33	0.0	0.0	0.0	0.0	0.0	0.0	0.0	0.0	0.0	0.0	0.0	8.33	0.0	8.33	0.0	0.0	8.33	8.33	25.00	16.67	16.67	25.00	0.0	8.33	8.33	0.0	0.0	0.0	0.0	33.33	0.0	0.0	8.33	16.67	8.33	16.67	0.0	0.0	8.33
JAKE	11	11.0	0.0	0.0	0.0	0.0	0.0	0.0	0.0	0.0	0.0	0.0	0.0	0.0	0.0	18.18	9.09	0.0	9.09	0.0	0.0	9.09	9.09	0.0	0.0	0.0	0.0	0.0	9.09	0.0	0.0	0.0	0.0	0.0	0.0	0.0	0.0	45.45	0.0	0.0	0.0	0.0	0.0	0.0	9.09	0.0	0.0	0.0	9.09	0.0	9.09	0.0	0.0	9.09	0.0	0.0	9.09	0.0	0.0	9.09	9.09	0.0	18.18	9.09	9.09	0.0	0.0	0.0	0.0	0.0	9.09	9.09	0.0	0.0	0.0	0.0	9.09	9.09	0.0	0.0
ASHBY	11	11.0	0.0	9.09	0.0	0.0	0.0	0.0	0.0	0.0	0.0	0.0	0.0	0.0	0.0	0.0	0.0	0.0	9.09	0.0	9.09	0.0	0.0	9.09	0.0	0.0	0.0	0.0	9.09	9.09	0.0	0.0	0.0	0.0	0.0	0.0	0.0	54.55	0.0	0.0	0.0	0.0	9.09	0.0	9.09	0.0	0.0	0.0	18.18	0.0	0.0	0.0	0.0	9.09	0.0	0.0	0.0	0.0	0.0	9.09	18.18	9.09	27.27	0.0	18.18	0.0	0.0	0.0	0.0	0.0	18.18	18.18	0.0	0.0	9.09	0.0	9.09	0.0	0.0	0.0
JAKE	17	17.0	0.0	0.0	0.0	0.0	0.0	0.0	0.0	0.0	0.0	0.0	0.0	0.0	0.0	23.53	0.0	0.0	5.88	0.0	5.88	0.0	0.0	0.0	0.0	0.0	5.88	0.0	29.41	11.76	0.0	5.88	5.88	0.0	0.0	0.0	0.0	41.18	0.0	0.0	0.0	0.0	11.76	0.0	5.88	0.0	0.0	0.0	0.0	0.0	0.0	0.0	0.0	5.88	0.0	0.0	0.0	0.0	0.0	5.88	11.76	0.0	5.88	11.76	11.76	0.0	0.0	0.0	0.0	0.0	17.65	5.88	0.0	5.88	5.88	5.88	0.0	0.0	11.76	0.0
ASHBY	12	12.0	0.0	0.0	0.0	0.0	0.0	0.0	0.0	0.0	0.0	0.0	0.0	0.0	0.0	0.0	0.0	16.67	0.0	0.0	0.0	0.0	0.0	8.33	0.0	0.0	8.33	0.0	25.00	8.33	0.0	8.33	0.0	0.0	0.0	0.0	0.0	66.67	0.0	0.0	0.0	0.0	0.0	0.0	0.0	0.0	0.0	8.33	0.0	0.0	16.67	8.33	0.0	0.0	0.0	0.0	0.0	0.0	0.0	25.00	16.67	33.33	25.00	0.0	16.67	0.0	0.0	0.0	0.0	0.0	25.00	0.0	0.0	0.0	25.00	8.33	33.33	0.0	0.0	0.0
JAKE	16	16.0	0.0	0.0	0.0	0.0	0.0	0.0	0.0	0.0	0.0	0.0	0.0	0.0	0.0	6.25	0.0	18.75	6.25	6.25	0.0	12.50	0.0	0.0	0.0	0.0	12.50	6.25	37.50	6.25	0.0	0.0	0.0	0.0	0.0	0.0	0.0	62.50	0.0	0.0	0.0	0.0	0.0	0.0	12.50	0.0	0.0	6.25	0.0	0.0	6.25	12.50	0.0	6.25	0.0	0.0	0.0	0.0	0.0	18.75	12.50	18.75	18.75	0.0	25.00	0.0	0.0	0.0	0.0	0.0	18.75	6.25	0.0	0.0	0.0	6.25	18.75	18.75	0.0	0.0
ASHBY	3	3.0	0.0	0.0	0.0	0.0	0.0	0.0	0.0	0.0	0.0	0.0	0.0	0.0	0.0	0.0	0.0	0.0	0.0	0.0	0.0	0.0	0.0	33.33	0.0	0.0	0.0	0.0	0.0	0.0	0.0	0.0	0.0	0.0	0.0	0.0	0.0	66.67	0.0	0.0	0.0	0.0	0.0	33.33	0.0	0.0	0.0	0.0	0.0	0.0	0.0	33.33	33.33	0.0	0.0	0.0	0.0	0.0	0.0	33.33	0.0	66.67	33.33	0.0	33.33	0.0	0.0	0.0	0.0	0.0	0.0	0.0	0.0	0.0	0.0	0.0	66.67	0.0	0.0	0.0
GORDO	1	1.0	0.0	0.0	0.0	0.0	0.0	0.0	0.0	0.0	0.0	0.0	0.0	0.0	0.0	0.0	0.0	0.0	0.0	0.0	0.0	0.0	0.0	0.0	0.0	0.0	0.0	0.0	0.0	0.0	0.0	0.0	0.0	0.0	0.0	0.0	0.0	0.0	0.0	0.0	0.0	0.0	0.0	0.0	0.0	0.0	0.0	0.0	0.0	0.0	0.0	0.0	0.0	0.0	0.0	0.0	0.0	0.0	0.0	0.0	0.0	0.0	0.0	0.0	0.0	0.0	0.0	0.0	0.0	0.0	0.0	0.0	0.0	0.0	0.0	0.0	0.0	0.0	0.0	0.0
LILY	8	8.0	0.0	0.0	0.0	0.0	0.0	0.0	0.0	0.0	0.0	0.0	0.0	0.0	0.0	12.50	0.0	0.0	25.00	0.0	0.0	12.50	12.50	12.50	0.0	0.0	0.0	0.0	0.0	0.0	0.0	0.0	0.0	0.0	0.0	0.0	0.0	62.50	0.0	0.0	0.0	0.0	12.50	0.0	0.0	0.0	0.0	0.0	25.00	0.0	0.0	0.0	0.0	0.0	0.0	12.50	0.0	0.0	25.00	0.0	12.50	12.50	25.00	0.0	0.0	0.0	0.0	0.0	0.0	0.0	12.50	0.0	0.0	0.0	0.0	0.0	12.50	0.0	0.0	0.0
LUPUS	4	4.0	0.0	0.0	0.0	0.0	0.0	0.0	0.0	0.0	0.0	0.0	0.0	0.0	0.0	0.0	0.0	0.0	0.0	0.0	0.0	0.0	25.00	25.00	0.0	0.0	0.0	0.0	0.0	0.0	0.0	0.0	0.0	0.0	0.0	0.0	0.0	75.00	0.0	0.0	0.0	0.0	25.00	0.0	0.0	0.0	0.0	0.0	0.0	0.0	0.0	0.0	0.0	0.0	0.0	0.0	0.0	0.0	0.0	75.00	0.0	25.00	75.00	0.0	0.0	0.0	0.0	0.0	0.0	50.00	100.00	0.0	0.0	0.0	0.0	0.0	25.00	25.00	0.0	0.0
JAKE	22	22.0	0.0	0.0	0.0	0.0	0.0	0.0	0.0	0.0	0.0	0.0	0.0	0.0	0.0	13.64	4.55	9.09	9.09	0.0	0.0	4.55	4.55	13.64	0.0	0.0	0.0	9.09	9.09	0.0	0.0	0.0	0.0	0.0	0.0	0.0	0.0	68.18	0.0	0.0	9.09	0.0	0.0	18.18	0.0	0.0	0.0	0.0	4.55	0.0	0.0	0.0	0.0	0.0	0.0	0.0	9.09	9.09	9.09	31.82	18.18	18.18	36.36	0.0	13.64	0.0	0.0	0.0	0.0	0.0	36.36	9.09	0.0	0.0	0.0	4.55	27.27	0.0	4.55	13.64
ASHBY	4	4.0	0.0	0.0	0.0	0.0	0.0	0.0	0.0	0.0	0.0	0.0	0.0	0.0	0.0	25.00	0.0	0.0	0.0	0.0	0.0	0.0	0.0	0.0	0.0	0.0	0.0	0.0	0.0	0.0	0.0	0.0	0.0	0.0	0.0	0.0	0.0	50.00	0.0	0.0	0.0	0.0	0.0	0.0	0.0	0.0	0.0	0.0	50.00	0.0	0.0	0.0	0.0	0.0	0.0	0.0	0.0	0.0	0.0	0.0	0.0	0.0	50.00	0.0	25.00	0.0	0.0	0.0	0.0	0.0	0.0	25.00	0.0	0.0	0.0	0.0	0.0	0.0	0.0	0.0
JAKE	96	96.0	0.0	0.0	0.0	0.0	0.0	0.0	0.0	0.0	0.0	0.0	0.0	0.0	0.0	12.50	2.08	4.17	4.17	0.0	0.0	10.42	0.0	8.33	0.0	0.0	2.08	3.12	13.54	3.12	0.0	1.04	0.0	0.0	0.0	0.0	0.0	59.38	0.0	0.0	0.0	0.0	1.04	0.0	1.04	0.0	0.0	2.08	11.46	1.04	6.25	0.0	0.0	0.0	0.0	1.04	3.12	1.04	4.17	7.29	11.46	13.54	18.75	5.21	16.67	0.0	0.0	1.04	0.0	0.0	9.38	7.29	0.0	4.17	7.29	8.33	16.67	0.0	6.25	0.0
ASHBY	7	7.0	0.0	0.0	0.0	0.0	0.0	0.0	0.0	0.0	0.0	0.0	0.0	0.0	0.0	0.0	0.0	0.0	0.0	0.0	0.0	14.29	0.0	0.0	0.0	0.0	14.29	0.0	28.57	0.0	0.0	0.0	0.0	0.0	0.0	0.0	0.0	42.86	0.0	0.0	0.0	0.0	0.0	0.0	0.0	0.0	0.0	0.0	0.0	0.0	0.0	0.0	0.0	0.0	0.0	0.0	0.0	0.0	0.0	0.0	28.57	0.0	0.0	0.0	0.0	0.0	0.0	0.0	0.0	0.0	14.29	0.0	0.0	14.29	0.0	0.0	0.0	0.0	0.0	0.0
JAKE	45	45.0	0.0	0.0	0.0	0.0	0.0	0.0	0.0	0.0	0.0	0.0	0.0	0.0	0.0	15.56	0.0	4.44	4.44	4.44	0.0	11.11	0.0	17.78	0.0	0.0	2.22	2.22	31.11	13.33	4.44	6.67	8.89	0.0	2.22	0.0	0.0	71.11	0.0	0.0	0.0	0.0	0.0	0.0	4.44	0.0	2.22	4.44	15.56	0.0	0.0	2.22	4.44	4.44	0.0	0.0	0.0	2.22	0.0	8.89	4.44	17.78	24.44	2.22	8.89	0.0	0.0	0.0	0.0	0.0	20.00	0.0	0.0	4.44	0.0	6.67	22.22	0.0	0.0	8.89
ASHBY	7	7.0	0.0	0.0	0.0	0.0	0.0	0.0	0.0	0.0	0.0	0.0	0.0	0.0	0.0	0.0	0.0	0.0	0.0	0.0	0.0	0.0	0.0	14.29	0.0	0.0	14.29	0.0	28.57	14.29	0.0	0.0	0.0	0.0	0.0	0.0	0.0	71.43	0.0	0.0	0.0	0.0	0.0	0.0	14.29	0.0	0.0	0.0	14.29	0.0	0.0	0.0	0.0	0.0	0.0	0.0	0.0	0.0	0.0	14.29	14.29	14.29	28.57	0.0	0.0	0.0	0.0	0.0	0.0	0.0	28.57	0.0	0.0	0.0	0.0	0.0	14.29	0.0	0.0	14.29
JAKE	17	17.0	0.0	0.0	0.0	0.0	0.0	0.0	0.0	0.0	0.0	0.0	0.0	0.0	0.0	5.88	0.0	5.88	5.88	0.0	0.0	11.76	5.88	11.76	0.0	0.0	5.88	0.0	23.53	5.88	0.0	5.88	0.0	0.0	0.0	0.0	0.0	52.94	0.0	0.0	0.0	0.0	5.88	5.88	5.88	0.0	0.0	0.0	11.76	0.0	0.0	0.0	0.0	0.0	0.0	0.0	5.88	0.0	0.0	5.88	5.88	17.65	17.65	0.0	5.88	0.0	0.0	0.0	0.0	0.0	11.76	5.88	0.0	5.88	0.0	0.0	23.53	0.0	0.0	0.0
LILY	23	23.0	0.0	0.0	0.0	0.0	0.0	0.0	0.0	0.0	0.0	0.0	0.0	0.0	0.0	26.09	8.70	8.70	0.0	0.0	0.0	8.70	0.0	4.35	0.0	0.0	4.35	0.0	17.39	4.35	0.0	4.35	4.35	0.0	0.0	0.0	0.0	69.57	0.0	0.0	0.0	0.0	0.0	0.0	4.35	0.0	0.0	0.0	4.35	0.0	0.0	0.0	0.0	0.0	0.0	0.0	0.0	0.0	0.0	17.39	17.39	8.70	21.74	4.35	17.39	0.0	0.0	0.0	0.0	0.0	17.39	13.04	0.0	8.70	4.35	4.35	8.70	13.04	8.70	0.0
JAKE	16	16.0	0.0	0.0	0.0	0.0	0.0	0.0	0.0	0.0	0.0	0.0	0.0	0.0	0.0	12.50	0.0	0.0	0.0	0.0	0.0	12.50	0.0	12.50	0.0	0.0	0.0	0.0	18.75	6.25	0.0	6.25	6.25	0.0	0.0	0.0	0.0	81.25	0.0	0.0	0.0	0.0	0.0	12.50	6.25	0.0	0.0	0.0	25.00	0.0	0.0	6.25	0.0	0.0	0.0	0.0	0.0	0.0	0.0	12.50	25.00	6.25	37.50	0.0	31.25	0.0	0.0	0.0	0.0	0.0	12.50	25.00	0.0	12.50	0.0	0.0	12.50	0.0	0.0	0.0
ASHBY	5	5.0	0.0	0.0	0.0	0.0	0.0	0.0	0.0	0.0	0.0	0.0	0.0	0.0	0.0	20.00	0.0	0.0	0.0	0.0	0.0	0.0	0.0	20.00	0.0	0.0	0.0	0.0	40.00	0.0	0.0	20.00	0.0	0.0	20.00	0.0	0.0	60.00	20.00	0.0	0.0	0.0	0.0	0.0	20.00	0.0	0.0	0.0	0.0	0.0	0.0	0.0	0.0	0.0	0.0	0.0	0.0	20.00	0.0	20.00	0.0	20.00	20.00	20.00	0.0	0.0	0.0	20.00	0.0	0.0	20.00	0.0	0.0	0.0	0.0	0.0	40.00	20.00	0.0	0.0
GORDO	15	15.0	0.0	0.0	0.0	0.0	0.0	0.0	0.0	0.0	0.0	0.0	0.0	0.0	0.0	6.67	0.0	0.0	20.00	13.33	0.0	6.67	0.0	0.0	0.0	0.0	0.0	6.67	26.67	0.0	0.0	0.0	0.0	0.0	6.67	0.0	0.0	40.00	0.0	0.0	0.0	0.0	6.67	6.67	0.0	0.0	0.0	13.33	6.67	0.0	6.67	0.0	6.67	20.00	0.0	0.0	13.33	6.67	0.0	13.33	6.67	0.0	20.00	0.0	6.67	6.67	0.0	0.0	0.0	6.67	13.33	0.0	6.67	6.67	0.0	6.67	13.33	0.0	0.0	0.0
MILES	23	23.0	0.0	0.0	0.0	0.0	0.0	0.0	0.0	0.0	0.0	0.0	0.0	0.0	0.0	13.04	4.35	0.0	0.0	0.0	0.0	4.35	0.0	4.35	0.0	0.0	0.0	0.0	13.04	0.0	0.0	4.35	0.0	0.0	0.0	0.0	0.0	56.52	4.35	0.0	0.0	0.0	4.35	8.70	0.0	0.0	0.0	0.0	13.04	4.35	4.35	0.0	0.0	0.0	0.0	0.0	4.35	0.0	0.0	8.70	26.09	4.35	21.74	4.35	21.74	0.0	0.0	0.0	0.0	0.0	8.70	21.74	0.0	8.70	0.0	0.0	13.04	0.0	4.35	0.0
LILY	3	3.0	0.0	0.0	0.0	0.0	0.0	0.0	0.0	0.0	0.0	0.0	0.0	0.0	0.0	0.0	0.0	0.0	0.0	0.0	0.0	0.0	0.0	33.33	0.0	0.0	0.0	0.0	0.0	0.0	0.0	0.0	0.0	0.0	0.0	0.0	0.0	66.67	0.0	0.0	0.0	33.33	0.0	66.67	0.0	0.0	0.0	0.0	0.0	0.0	0.0	33.33	0.0	0.0	0.0	0.0	0.0	0.0	0.0	66.67	0.0	33.33	66.67	0.0	33.33	0.0	0.0	0.0	0.0	0.0	0.0	0.0	0.0	0.0	0.0	0.0	33.33	0.0	0.0	0.0
GORDO	3	3.0	0.0	0.0	0.0	0.0	0.0	0.0	0.0	0.0	0.0	0.0	0.0	0.0	0.0	0.0	0.0	0.0	0.0	0.0	0.0	0.0	0.0	33.33	0.0	0.0	0.0	0.0	0.0	0.0	0.0	0.0	0.0	0.0	0.0	0.0	0.0	66.67	0.0	0.0	0.0	0.0	0.0	0.0	0.0	0.0	0.0	0.0	0.0	0.0	0.0	33.33	0.0	0.0	0.0	0.0	0.0	0.0	0.0	33.33	0.0	66.67	33.33	0.0	33.33	0.0	0.0	0.0	0.0	0.0	33.33	0.0	0.0	0.0	0.0	0.0	100.00	33.33	0.0	0.0
JAKE	16	16.0	0.0	0.0	0.0	0.0	0.0	0.0	0.0	0.0	0.0	0.0	0.0	0.0	0.0	12.50	0.0	0.0	6.25	0.0	0.0	12.50	0.0	6.25	0.0	0.0	0.0	6.25	12.50	0.0	0.0	0.0	6.25	0.0	0.0	0.0	0.0	62.50	0.0	0.0	0.0	0.0	0.0	12.50	0.0	0.0	0.0	0.0	0.0	0.0	12.50	6.25	12.50	0.0	6.25	6.25	0.0	0.0	6.25	12.50	12.50	12.50	12.50	6.25	12.50	0.0	0.0	0.0	0.0	0.0	0.0	0.0	0.0	0.0	0.0	0.0	12.50	0.0	6.25	0.0
GORDO	2	2.0	0.0	0.0	0.0	0.0	0.0	0.0	0.0	0.0	0.0	0.0	0.0	0.0	0.0	0.0	0.0	0.0	50.00	0.0	0.0	0.0	0.0	0.0	0.0	0.0	0.0	50.00	50.00	0.0	0.0	0.0	0.0	0.0	0.0	0.0	0.0	50.00	0.0	0.0	0.0	0.0	0.0	0.0	0.0	0.0	0.0	0.0	0.0	0.0	0.0	0.0	0.0	0.0	0.0	0.0	0.0	0.0	50.00	50.00	0.0	0.0	50.00	0.0	0.0	0.0	0.0	0.0	0.0	0.0	50.00	0.0	0.0	0.0	0.0	0.0	0.0	0.0	0.0	50.00
JAKE	1	1.0	0.0	0.0	0.0	0.0	0.0	0.0	0.0	0.0	0.0	0.0	0.0	0.0	0.0	0.0	0.0	0.0	0.0	0.0	0.0	0.0	0.0	0.0	0.0	0.0	0.0	0.0	0.0	0.0	0.0	0.0	0.0	0.0	0.0	0.0	0.0	0.0	0.0	0.0	0.0	0.0	0.0	0.0	0.0	0.0	0.0	0.0	0.0	0.0	0.0	0.0	0.0	0.0	0.0	0.0	0.0	0.0	0.0	0.0	0.0	0.0	0.0	0.0	0.0	0.0	0.0	0.0	0.0	0.0	0.0	0.0	0.0	0.0	0.0	0.0	0.0	0.0	0.0	0.0
JAKE	16	16.0	0.0	0.0	0.0	0.0	0.0	0.0	0.0	0.0	0.0	0.0	0.0	0.0	0.0	0.0	6.25	6.25	0.0	0.0	0.0	6.25	0.0	12.50	0.0	0.0	0.0	6.25	6.25	6.25	0.0	0.0	0.0	0.0	0.0	0.0	0.0	75.00	0.0	0.0	0.0	0.0	0.0	6.25	0.0	0.0	0.0	0.0	12.50	0.0	0.0	12.50	0.0	0.0	0.0	0.0	0.0	0.0	0.0	18.75	18.75	12.50	31.25	6.25	31.25	0.0	0.0	0.0	0.0	0.0	25.00	12.50	0.0	0.0	0.0	6.25	12.50	0.0	0.0	12.50
LUPUS	6	6.0	0.0	0.0	0.0	0.0	0.0	0.0	0.0	0.0	0.0	0.0	0.0	0.0	0.0	0.0	0.0	0.0	0.0	0.0	0.0	16.67	0.0	16.67	0.0	0.0	0.0	0.0	0.0	0.0	0.0	0.0	0.0	0.0	0.0	0.0	0.0	66.67	0.0	0.0	0.0	0.0	0.0	0.0	0.0	0.0	0.0	0.0	0.0	0.0	0.0	16.67	0.0	0.0	0.0	0.0	0.0	0.0	0.0	16.67	16.67	16.67	16.67	0.0	33.33	0.0	0.0	0.0	0.0	0.0	16.67	0.0	0.0	0.0	0.0	16.67	16.67	0.0	0.0	16.67
JAKE	4	4.0	0.0	0.0	0.0	0.0	0.0	0.0	0.0	0.0	0.0	0.0	0.0	0.0	0.0	0.0	0.0	0.0	0.0	0.0	0.0	25.00	0.0	25.00	0.0	0.0	0.0	0.0	25.00	0.0	0.0	0.0	0.0	0.0	0.0	0.0	0.0	75.00	25.00	0.0	0.0	0.0	0.0	50.00	0.0	0.0	0.0	25.00	0.0	0.0	0.0	0.0	0.0	0.0	0.0	0.0	0.0	0.0	0.0	50.00	0.0	0.0	50.00	0.0	25.00	0.0	0.0	0.0	0.0	0.0	0.0	0.0	0.0	0.0	0.0	25.00	25.00	0.0	0.0	0.0
LILY	7	7.0	0.0	0.0	0.0	0.0	0.0	0.0	0.0	0.0	0.0	0.0	0.0	0.0	0.0	0.0	0.0	0.0	0.0	0.0	0.0	0.0	0.0	0.0	0.0	0.0	0.0	0.0	14.29	0.0	0.0	14.29	0.0	0.0	0.0	0.0	0.0	57.14	0.0	0.0	0.0	0.0	0.0	0.0	0.0	0.0	0.0	0.0	0.0	0.0	0.0	14.29	0.0	0.0	0.0	0.0	0.0	14.29	0.0	28.57	28.57	42.86	28.57	0.0	28.57	0.0	0.0	14.29	0.0	0.0	28.57	14.29	0.0	0.0	0.0	0.0	42.86	0.0	0.0	28.57
JAKE	6	6.0	0.0	0.0	0.0	0.0	0.0	0.0	0.0	0.0	0.0	0.0	0.0	0.0	0.0	16.67	0.0	0.0	0.0	0.0	0.0	16.67	0.0	0.0	0.0	0.0	0.0	0.0	0.0	0.0	0.0	0.0	0.0	0.0	0.0	0.0	0.0	83.33	0.0	0.0	0.0	0.0	0.0	0.0	0.0	0.0	0.0	0.0	16.67	0.0	16.67	0.0	0.0	0.0	0.0	16.67	0.0	0.0	0.0	0.0	16.67	0.0	16.67	16.67	0.0	0.0	0.0	0.0	0.0	0.0	0.0	0.0	0.0	0.0	0.0	0.0	0.0	0.0	0.0	0.0
LILY	14	14.0	0.0	0.0	0.0	0.0	0.0	0.0	0.0	0.0	0.0	0.0	0.0	0.0	0.0	7.14	0.0	0.0	7.14	0.0	0.0	7.14	0.0	21.43	7.14	7.14	0.0	0.0	14.29	0.0	0.0	0.0	0.0	0.0	0.0	0.0	0.0	71.43	0.0	0.0	0.0	0.0	0.0	7.14	0.0	0.0	0.0	7.14	7.14	0.0	7.14	7.14	0.0	0.0	0.0	0.0	0.0	7.14	7.14	42.86	7.14	21.43	50.00	0.0	7.14	0.0	0.0	0.0	0.0	0.0	35.71	0.0	0.0	7.14	0.0	0.0	28.57	0.0	0.0	35.71
JAKE	7	7.0	0.0	0.0	0.0	0.0	0.0	0.0	0.0	0.0	0.0	0.0	0.0	0.0	0.0	0.0	0.0	0.0	0.0	0.0	0.0	0.0	0.0	42.86	0.0	0.0	0.0	0.0	0.0	0.0	0.0	0.0	0.0	0.0	0.0	0.0	0.0	114.29	0.0	0.0	0.0	0.0	0.0	28.57	0.0	0.0	0.0	0.0	71.43	0.0	0.0	0.0	0.0	0.0	0.0	0.0	0.0	0.0	0.0	28.57	0.0	42.86	100.00	0.0	0.0	0.0	0.0	0.0	0.0	0.0	0.0	0.0	0.0	0.0	0.0	0.0	42.86	0.0	14.29	0.0
LILY	9	9.0	0.0	0.0	0.0	0.0	0.0	0.0	0.0	0.0	0.0	0.0	0.0	0.0	0.0	11.11	0.0	0.0	0.0	0.0	0.0	0.0	0.0	0.0	22.22	11.11	11.11	0.0	44.44	11.11	0.0	0.0	33.33	11.11	0.0	0.0	0.0	55.56	0.0	0.0	0.0	0.0	0.0	0.0	0.0	11.11	0.0	0.0	11.11	0.0	0.0	0.0	11.11	0.0	0.0	0.0	0.0	0.0	0.0	22.22	0.0	0.0	33.33	0.0	0.0	0.0	0.0	0.0	11.11	0.0	33.33	0.0	0.0	22.22	0.0	0.0	0.0	0.0	0.0	22.22
JAKE	10	10.0	0.0	0.0	0.0	0.0	0.0	0.0	0.0	0.0	0.0	0.0	0.0	0.0	0.0	10.00	0.0	0.0	0.0	0.0	0.0	0.0	0.0	20.00	0.0	0.0	0.0	10.00	30.00	10.00	0.0	10.00	20.00	0.0	0.0	0.0	0.0	80.00	0.0	0.0	0.0	0.0	0.0	20.00	0.0	0.0	0.0	10.00	10.00	0.0	0.0	0.0	0.0	0.0	0.0	0.0	0.0	0.0	0.0	30.00	10.00	20.00	40.00	0.0	0.0	0.0	0.0	0.0	0.0	0.0	20.00	0.0	0.0	20.00	0.0	0.0	20.00	0.0	0.0	10.00
LILY	6	6.0	0.0	0.0	0.0	0.0	0.0	0.0	0.0	0.0	0.0	0.0	0.0	0.0	0.0	16.67	0.0	0.0	0.0	0.0	0.0	0.0	0.0	33.33	0.0	0.0	0.0	16.67	33.33	0.0	0.0	0.0	16.67	0.0	0.0	0.0	0.0	83.33	0.0	0.0	0.0	0.0	0.0	0.0	0.0	0.0	0.0	16.67	16.67	0.0	0.0	0.0	0.0	0.0	0.0	0.0	0.0	0.0	0.0	16.67	16.67	33.33	33.33	0.0	0.0	0.0	0.0	0.0	0.0	0.0	16.67	0.0	0.0	16.67	0.0	0.0	33.33	0.0	0.0	16.67
JAKE	8	8.0	0.0	0.0	0.0	0.0	0.0	0.0	0.0	0.0	0.0	0.0	0.0	0.0	0.0	12.50	0.0	0.0	25.00	12.50	12.50	0.0	0.0	0.0	0.0	0.0	0.0	0.0	37.50	0.0	0.0	0.0	12.50	0.0	0.0	0.0	0.0	50.00	0.0	0.0	0.0	0.0	0.0	0.0	0.0	0.0	12.50	0.0	12.50	0.0	0.0	0.0	12.50	25.00	0.0	0.0	0.0	0.0	0.0	0.0	25.00	0.0	12.50	0.0	25.00	0.0	0.0	0.0	0.0	0.0	0.0	12.50	0.0	12.50	0.0	0.0	0.0	0.0	0.0	0.0
LILY	15	15.0	0.0	0.0	0.0	0.0	0.0	0.0	0.0	0.0	0.0	0.0	0.0	0.0	0.0	13.33	6.67	0.0	6.67	0.0	0.0	6.67	0.0	26.67	6.67	0.0	0.0	0.0	20.00	6.67	0.0	0.0	0.0	0.0	0.0	0.0	0.0	53.33	0.0	0.0	0.0	0.0	0.0	13.33	6.67	0.0	0.0	6.67	0.0	0.0	0.0	0.0	13.33	0.0	0.0	0.0	0.0	0.0	6.67	20.00	0.0	33.33	20.00	0.0	6.67	0.0	0.0	0.0	6.67	0.0	6.67	0.0	0.0	13.33	0.0	0.0	33.33	0.0	6.67	6.67
JAKE	9	9.0	0.0	0.0	0.0	0.0	0.0	0.0	0.0	0.0	0.0	0.0	0.0	0.0	0.0	11.11	0.0	0.0	11.11	0.0	0.0	11.11	0.0	22.22	11.11	0.0	0.0	0.0	0.0	0.0	0.0	0.0	0.0	0.0	0.0	0.0	0.0	55.56	0.0	0.0	0.0	0.0	0.0	0.0	0.0	0.0	0.0	0.0	22.22	0.0	0.0	0.0	0.0	0.0	0.0	0.0	0.0	0.0	11.11	0.0	11.11	22.22	22.22	0.0	33.33	0.0	0.0	0.0	11.11	0.0	0.0	33.33	0.0	0.0	0.0	0.0	22.22	0.0	0.0	0.0
LILY	18	18.0	0.0	0.0	0.0	0.0	0.0	0.0	0.0	0.0	0.0	0.0	0.0	0.0	0.0	22.22	0.0	5.56	0.0	0.0	0.0	5.56	0.0	11.11	0.0	0.0	5.56	0.0	33.33	11.11	0.0	5.56	5.56	0.0	5.56	0.0	0.0	72.22	0.0	0.0	0.0	0.0	0.0	5.56	5.56	0.0	0.0	5.56	16.67	0.0	0.0	0.0	0.0	0.0	0.0	0.0	0.0	5.56	0.0	22.22	5.56	11.11	38.89	0.0	11.11	0.0	0.0	0.0	0.0	0.0	16.67	5.56	0.0	5.56	0.0	0.0	16.67	0.0	0.0	16.67
JAKE	11	11.0	0.0	0.0	0.0	0.0	0.0	0.0	0.0	0.0	0.0	0.0	0.0	0.0	0.0	18.18	0.0	0.0	36.36	18.18	0.0	0.0	0.0	18.18	0.0	0.0	9.09	0.0	9.09	0.0	0.0	0.0	0.0	0.0	0.0	0.0	0.0	72.73	0.0	0.0	0.0	0.0	0.0	36.36	0.0	0.0	0.0	0.0	18.18	0.0	0.0	0.0	0.0	18.18	0.0	0.0	0.0	0.0	18.18	36.36	18.18	18.18	54.55	0.0	18.18	0.0	0.0	0.0	0.0	0.0	0.0	18.18	0.0	0.0	0.0	0.0	18.18	0.0	0.0	0.0
LILY	4	4.0	0.0	0.0	0.0	0.0	0.0	0.0	0.0	0.0	0.0	0.0	0.0	0.0	0.0	0.0	0.0	0.0	0.0	0.0	0.0	0.0	0.0	25.00	0.0	0.0	0.0	0.0	0.0	0.0	0.0	0.0	0.0	0.0	0.0	0.0	0.0	125.00	0.0	0.0	0.0	0.0	0.0	0.0	0.0	0.0	0.0	0.0	75.00	0.0	0.0	0.0	0.0	0.0	0.0	0.0	0.0	0.0	0.0	0.0	25.00	25.00	75.00	25.00	0.0	0.0	0.0	0.0	0.0	0.0	0.0	0.0	0.0	0.0	0.0	0.0	25.00	0.0	0.0	0.0
JAKE	18	18.0	0.0	0.0	0.0	0.0	0.0	0.0	0.0	0.0	0.0	0.0	0.0	0.0	0.0	16.67	0.0	0.0	5.56	5.56	0.0	0.0	0.0	11.11	0.0	0.0	5.56	0.0	22.22	5.56	5.56	5.56	5.56	0.0	0.0	0.0	0.0	50.00	5.56	0.0	0.0	0.0	5.56	5.56	0.0	0.0	0.0	5.56	11.11	0.0	0.0	0.0	5.56	5.56	0.0	0.0	5.56	0.0	0.0	22.22	0.0	11.11	33.33	0.0	11.11	0.0	0.0	0.0	0.0	0.0	22.22	0.0	0.0	0.0	0.0	11.11	22.22	0.0	0.0	16.67
LILY	10	10.0	0.0	0.0	0.0	0.0	0.0	0.0	0.0	0.0	0.0	0.0	0.0	0.0	0.0	0.0	0.0	10.00	20.00	0.0	10.00	0.0	0.0	10.00	10.00	10.00	0.0	0.0	10.00	20.00	0.0	0.0	0.0	0.0	0.0	0.0	0.0	70.00	0.0	0.0	0.0	0.0	0.0	20.00	10.00	0.0	0.0	0.0	10.00	0.0	0.0	10.00	0.0	10.00	0.0	0.0	10.00	0.0	10.00	20.00	0.0	0.0	30.00	10.00	10.00	0.0	0.0	0.0	10.00	0.0	0.0	0.0	10.00	0.0	0.0	0.0	10.00	0.0	0.0	0.0
JAKE	10	10.0	0.0	0.0	0.0	0.0	0.0	0.0	0.0	0.0	0.0	0.0	0.0	0.0	0.0	10.00	0.0	0.0	0.0	0.0	0.0	0.0	0.0	30.00	0.0	0.0	0.0	0.0	10.00	0.0	0.0	0.0	0.0	0.0	0.0	0.0	0.0	100.00	10.00	0.0	0.0	0.0	0.0	0.0	0.0	0.0	0.0	10.00	10.00	0.0	0.0	0.0	10.00	0.0	0.0	0.0	0.0	0.0	0.0	30.00	10.00	30.00	40.00	20.00	0.0	0.0	0.0	0.0	0.0	0.0	30.00	0.0	0.0	0.0	0.0	0.0	40.00	0.0	0.0	30.00
LILY	6	6.0	0.0	0.0	0.0	0.0	0.0	0.0	0.0	0.0	0.0	0.0	0.0	0.0	0.0	0.0	0.0	16.67	0.0	0.0	0.0	0.0	0.0	33.33	0.0	0.0	16.67	0.0	33.33	16.67	0.0	0.0	0.0	0.0	0.0	0.0	0.0	83.33	16.67	0.0	0.0	0.0	0.0	16.67	0.0	0.0	0.0	16.67	0.0	0.0	0.0	0.0	0.0	0.0	0.0	0.0	0.0	0.0	0.0	33.33	0.0	33.33	33.33	0.0	0.0	0.0	0.0	0.0	0.0	0.0	16.67	0.0	0.0	0.0	0.0	0.0	50.00	0.0	0.0	16.67
JAKE	1	1.0	0.0	0.0	0.0	0.0	0.0	0.0	0.0	0.0	0.0	0.0	0.0	0.0	0.0	100.00	0.0	0.0	0.0	0.0	0.0	0.0	0.0	0.0	0.0	0.0	0.0	0.0	0.0	0.0	0.0	0.0	0.0	0.0	0.0	0.0	0.0	0.0	0.0	0.0	0.0	0.0	0.0	0.0	0.0	0.0	0.0	0.0	0.0	0.0	0.0	0.0	0.0	0.0	0.0	0.0	0.0	0.0	0.0	0.0	0.0	0.0	0.0	0.0	0.0	0.0	0.0	0.0	0.0	0.0	0.0	0.0	0.0	0.0	0.0	0.0	0.0	0.0	0.0	0.0
LILY	8	8.0	0.0	0.0	0.0	0.0	0.0	0.0	0.0	0.0	0.0	0.0	0.0	0.0	0.0	0.0	0.0	12.50	0.0	0.0	0.0	12.50	0.0	12.50	12.50	12.50	0.0	0.0	12.50	0.0	0.0	0.0	12.50	0.0	25.00	0.0	0.0	50.00	0.0	0.0	0.0	0.0	12.50	0.0	0.0	0.0	0.0	0.0	0.0	0.0	0.0	0.0	0.0	0.0	0.0	0.0	0.0	25.00	0.0	12.50	0.0	12.50	12.50	0.0	0.0	0.0	0.0	0.0	0.0	0.0	25.00	0.0	0.0	0.0	0.0	0.0	12.50	0.0	0.0	12.50
JAKE	5	5.0	0.0	0.0	0.0	0.0	0.0	0.0	0.0	0.0	0.0	0.0	0.0	0.0	0.0	0.0	0.0	0.0	20.00	0.0	0.0	0.0	0.0	20.00	0.0	0.0	0.0	0.0	0.0	0.0	0.0	0.0	0.0	0.0	0.0	0.0	0.0	80.00	0.0	0.0	0.0	0.0	0.0	20.00	0.0	0.0	0.0	0.0	20.00	0.0	0.0	0.0	20.00	20.00	0.0	0.0	0.0	0.0	0.0	20.00	20.00	20.00	40.00	0.0	0.0	0.0	20.00	0.0	0.0	0.0	0.0	0.0	0.0	0.0	0.0	0.0	20.00	0.0	0.0	0.0
BUTCH	9	9.0	0.0	0.0	0.0	0.0	0.0	0.0	0.0	0.0	0.0	0.0	0.0	0.0	0.0	0.0	0.0	0.0	11.11	0.0	0.0	0.0	0.0	33.33	11.11	0.0	0.0	0.0	0.0	0.0	0.0	0.0	0.0	0.0	0.0	0.0	0.0	77.78	0.0	0.0	0.0	0.0	0.0	0.0	0.0	0.0	0.0	0.0	44.44	0.0	0.0	0.0	0.0	0.0	0.0	0.0	22.22	0.0	11.11	0.0	0.0	22.22	44.44	0.0	0.0	0.0	0.0	0.0	11.11	0.0	11.11	0.0	0.0	0.0	0.0	0.0	44.44	0.0	0.0	0.0
JAKE	21	21.0	0.0	0.0	0.0	0.0	0.0	0.0	0.0	0.0	0.0	0.0	0.0	0.0	0.0	0.0	4.76	14.29	4.76	0.0	0.0	9.52	0.0	9.52	0.0	0.0	0.0	4.76	9.52	9.52	0.0	0.0	0.0	0.0	0.0	0.0	0.0	61.90	0.0	0.0	0.0	4.76	0.0	0.0	0.0	0.0	0.0	4.76	4.76	9.52	0.0	4.76	0.0	0.0	0.0	4.76	14.29	0.0	4.76	4.76	14.29	4.76	9.52	0.0	33.33	0.0	0.0	0.0	0.0	0.0	4.76	4.76	0.0	0.0	0.0	23.81	19.05	0.0	0.0	4.76
JAKE	9	9.0	0.0	0.0	0.0	0.0	0.0	0.0	0.0	0.0	0.0	0.0	0.0	0.0	0.0	11.11	0.0	0.0	11.11	11.11	0.0	11.11	0.0	0.0	11.11	0.0	0.0	0.0	11.11	11.11	0.0	0.0	0.0	0.0	0.0	0.0	0.0	66.67	0.0	0.0	0.0	0.0	0.0	0.0	11.11	0.0	0.0	0.0	0.0	0.0	0.0	0.0	0.0	11.11	0.0	0.0	11.11	0.0	0.0	22.22	22.22	0.0	22.22	0.0	22.22	0.0	0.0	0.0	11.11	22.22	22.22	11.11	11.11	0.0	0.0	11.11	11.11	0.0	0.0	0.0
JAKE	6	6.0	16.67	0.0	0.0	0.0	16.67	0.0	0.0	0.0	0.0	0.0	0.0	0.0	0.0	0.0	0.0	16.67	0.0	0.0	0.0	0.0	0.0	16.67	0.0	0.0	16.67	0.0	33.33	16.67	0.0	0.0	0.0	0.0	0.0	0.0	0.0	66.67	0.0	0.0	0.0	0.0	0.0	0.0	16.67	0.0	0.0	0.0	0.0	0.0	0.0	0.0	0.0	0.0	0.0	0.0	0.0	0.0	0.0	16.67	16.67	16.67	16.67	0.0	0.0	0.0	0.0	0.0	0.0	0.0	33.33	0.0	0.0	0.0	0.0	0.0	16.67	0.0	0.0	16.67
LILY	1	1.0	0.0	0.0	0.0	0.0	0.0	0.0	0.0	0.0	0.0	0.0	0.0	0.0	0.0	0.0	0.0	0.0	0.0	0.0	0.0	0.0	0.0	0.0	0.0	0.0	0.0	0.0	0.0	0.0	0.0	0.0	0.0	0.0	0.0	0.0	0.0	100.00	0.0	0.0	0.0	0.0	0.0	0.0	0.0	0.0	0.0	0.0	100.00	0.0	0.0	0.0	0.0	0.0	0.0	0.0	0.0	0.0	0.0	0.0	0.0	0.0	100.00	0.0	0.0	0.0	0.0	0.0	0.0	0.0	0.0	0.0	0.0	0.0	0.0	0.0	0.0	0.0	0.0	0.0
JAKE	8	8.0	12.50	0.0	0.0	0.0	12.50	0.0	0.0	0.0	0.0	0.0	0.0	0.0	0.0	0.0	0.0	12.50	0.0	0.0	0.0	0.0	0.0	12.50	0.0	0.0	12.50	0.0	25.00	12.50	0.0	0.0	0.0	0.0	0.0	0.0	0.0	62.50	0.0	0.0	12.50	0.0	0.0	12.50	12.50	0.0	0.0	0.0	12.50	0.0	0.0	0.0	0.0	0.0	0.0	0.0	12.50	12.50	0.0	12.50	12.50	12.50	25.00	0.0	0.0	0.0	0.0	0.0	0.0	0.0	25.00	0.0	0.0	0.0	0.0	0.0	25.00	0.0	0.0	0.0
LILY	7	7.0	0.0	0.0	0.0	0.0	0.0	0.0	0.0	0.0	0.0	0.0	0.0	0.0	0.0	0.0	0.0	0.0	0.0	0.0	0.0	0.0	0.0	42.86	0.0	0.0	0.0	0.0	28.57	0.0	0.0	0.0	0.0	0.0	0.0	0.0	0.0	85.71	0.0	0.0	0.0	0.0	0.0	0.0	14.29	0.0	0.0	14.29	14.29	0.0	0.0	0.0	0.0	0.0	0.0	0.0	0.0	0.0	0.0	28.57	0.0	57.14	42.86	0.0	0.0	0.0	0.0	0.0	0.0	0.0	28.57	0.0	0.0	0.0	0.0	0.0	57.14	14.29	0.0	14.29
JAKE	16	16.0	0.0	0.0	0.0	0.0	0.0	0.0	0.0	0.0	0.0	0.0	0.0	0.0	0.0	6.25	6.25	12.50	6.25	0.0	0.0	12.50	6.25	25.00	0.0	0.0	0.0	0.0	31.25	6.25	0.0	6.25	12.50	0.0	0.0	0.0	0.0	93.75	6.25	0.0	0.0	0.0	0.0	0.0	12.50	0.0	0.0	0.0	0.0	0.0	0.0	0.0	12.50	0.0	0.0	0.0	0.0	0.0	6.25	31.25	12.50	12.50	31.25	0.0	6.25	0.0	0.0	0.0	0.0	0.0	31.25	6.25	0.0	12.50	0.0	0.0	25.00	6.25	0.0	25.00
LILY	33	33.0	0.0	0.0	0.0	0.0	0.0	0.0	0.0	0.0	0.0	0.0	0.0	0.0	0.0	6.06	6.06	6.06	0.0	0.0	0.0	12.12	0.0	15.15	3.03	0.0	0.0	3.03	6.06	6.06	0.0	0.0	0.0	0.0	0.0	0.0	0.0	66.67	0.0	0.0	3.03	0.0	0.0	9.09	0.0	3.03	0.0	3.03	3.03	0.0	0.0	0.0	0.0	0.0	0.0	3.03	9.09	3.03	0.0	12.12	15.15	9.09	15.15	0.0	15.15	0.0	0.0	0.0	0.0	0.0	9.09	9.09	0.0	0.0	0.0	6.06	21.21	0.0	9.09	3.03
JAKE	2	2.0	0.0	0.0	0.0	0.0	0.0	0.0	0.0	0.0	0.0	0.0	0.0	0.0	0.0	50.00	0.0	0.0	0.0	0.0	0.0	0.0	0.0	0.0	0.0	0.0	0.0	0.0	0.0	0.0	0.0	0.0	0.0	0.0	0.0	0.0	0.0	0.0	0.0	0.0	50.00	0.0	0.0	0.0	0.0	0.0	0.0	0.0	0.0	0.0	0.0	0.0	0.0	0.0	0.0	0.0	0.0	50.00	0.0	0.0	0.0	0.0	0.0	0.0	0.0	0.0	0.0	0.0	0.0	0.0	0.0	0.0	0.0	0.0	0.0	0.0	0.0	0.0	0.0	0.0
LILY	37	37.0	0.0	0.0	0.0	0.0	0.0	0.0	0.0	0.0	0.0	0.0	0.0	0.0	0.0	8.11	0.0	2.70	0.0	0.0	0.0	8.11	0.0	13.51	0.0	0.0	8.11	0.0	27.03	5.41	0.0	2.70	8.11	0.0	0.0	0.0	0.0	64.86	0.0	0.0	0.0	0.0	2.70	10.81	5.41	0.0	0.0	2.70	8.11	0.0	0.0	5.41	5.41	0.0	0.0	2.70	10.81	0.0	0.0	16.22	8.11	5.41	24.32	0.0	13.51	0.0	0.0	0.0	0.0	2.70	8.11	2.70	0.0	5.41	0.0	2.70	18.92	0.0	0.0	2.70
JAKE	10	10.0	0.0	0.0	0.0	0.0	0.0	0.0	0.0	0.0	0.0	0.0	0.0	0.0	0.0	10.00	0.0	20.00	0.0	0.0	0.0	10.00	0.0	0.0	0.0	0.0	0.0	0.0	10.00	0.0	0.0	10.00	0.0	0.0	0.0	0.0	10.00	50.00	0.0	0.0	0.0	0.0	0.0	0.0	0.0	0.0	0.0	0.0	0.0	0.0	0.0	0.0	0.0	0.0	0.0	0.0	0.0	0.0	0.0	10.00	20.00	10.00	10.00	0.0	30.00	0.0	0.0	0.0	0.0	0.0	30.00	10.00	0.0	0.0	0.0	20.00	10.00	0.0	0.0	10.00
LILY	57	57.0	0.0	0.0	0.0	0.0	0.0	0.0	0.0	0.0	0.0	0.0	0.0	0.0	0.0	8.77	0.0	3.51	8.77	3.51	0.0	7.02	0.0	10.53	5.26	1.75	1.75	1.75	14.04	7.02	0.0	0.0	3.51	0.0	0.0	0.0	3.51	59.65	0.0	3.51	1.75	0.0	1.75	5.26	3.51	0.0	0.0	0.0	3.51	0.0	0.0	0.0	1.75	3.51	0.0	3.51	14.04	3.51	5.26	12.28	10.53	3.51	15.79	1.75	7.02	0.0	0.0	0.0	0.0	5.26	17.54	3.51	1.75	3.51	0.0	3.51	17.54	1.75	0.0	0.0
JAKE	8	8.0	0.0	0.0	0.0	0.0	0.0	0.0	0.0	0.0	0.0	0.0	0.0	0.0	0.0	12.50	12.50	0.0	0.0	0.0	0.0	12.50	12.50	0.0	0.0	0.0	0.0	12.50	12.50	0.0	0.0	0.0	0.0	0.0	0.0	0.0	0.0	50.00	0.0	0.0	0.0	0.0	12.50	12.50	0.0	0.0	0.0	0.0	0.0	0.0	0.0	0.0	12.50	0.0	0.0	0.0	12.50	0.0	0.0	12.50	12.50	0.0	12.50	0.0	12.50	0.0	0.0	0.0	0.0	0.0	12.50	0.0	0.0	0.0	0.0	12.50	12.50	0.0	12.50	0.0
LILY	19	19.0	0.0	0.0	0.0	0.0	0.0	0.0	0.0	0.0	0.0	0.0	0.0	0.0	0.0	10.53	0.0	5.26	21.05	0.0	0.0	0.0	0.0	26.32	0.0	0.0	0.0	0.0	21.05	10.53	0.0	5.26	5.26	0.0	0.0	0.0	5.26	73.68	5.26	0.0	0.0	0.0	0.0	15.79	5.26	0.0	0.0	5.26	5.26	0.0	0.0	0.0	0.0	10.53	0.0	0.0	15.79	0.0	10.53	26.32	0.0	5.26	31.58	0.0	10.53	0.0	0.0	0.0	0.0	5.26	15.79	0.0	0.0	0.0	0.0	10.53	26.32	5.26	0.0	0.0
JAKE	9	9.0	0.0	0.0	0.0	0.0	0.0	0.0	0.0	0.0	0.0	0.0	0.0	0.0	0.0	0.0	0.0	0.0	11.11	0.0	0.0	11.11	0.0	11.11	11.11	11.11	0.0	0.0	0.0	0.0	0.0	0.0	0.0	0.0	0.0	0.0	0.0	44.44	0.0	0.0	0.0	0.0	11.11	0.0	0.0	0.0	0.0	0.0	11.11	0.0	0.0	0.0	0.0	0.0	0.0	0.0	11.11	0.0	11.11	11.11	0.0	11.11	22.22	0.0	0.0	0.0	0.0	0.0	0.0	0.0	22.22	0.0	0.0	0.0	0.0	0.0	22.22	0.0	0.0	11.11
LILY	56	56.0	0.0	0.0	0.0	0.0	0.0	0.0	0.0	0.0	0.0	0.0	0.0	0.0	0.0	12.50	1.79	8.93	3.57	1.79	0.0	5.36	0.0	14.29	1.79	0.0	3.57	1.79	23.21	5.36	0.0	0.0	0.0	0.0	0.0	0.0	1.79	73.21	0.0	0.0	0.0	0.0	0.0	8.93	10.71	0.0	0.0	5.36	3.57	0.0	0.0	0.0	3.57	1.79	0.0	3.57	14.29	0.0	1.79	21.43	12.50	1.79	25.00	3.57	8.93	1.79	0.0	0.0	1.79	5.36	19.64	3.57	1.79	0.0	0.0	5.36	19.64	5.36	0.0	1.79
JAKE	6	6.0	0.0	0.0	0.0	0.0	0.0	0.0	0.0	0.0	0.0	0.0	0.0	0.0	0.0	0.0	0.0	0.0	0.0	0.0	0.0	0.0	0.0	0.0	0.0	0.0	0.0	0.0	16.67	0.0	0.0	0.0	0.0	0.0	0.0	0.0	0.0	66.67	0.0	0.0	0.0	0.0	0.0	0.0	16.67	0.0	0.0	0.0	16.67	0.0	0.0	0.0	0.0	0.0	0.0	0.0	16.67	0.0	0.0	16.67	33.33	0.0	33.33	0.0	16.67	0.0	0.0	0.0	0.0	0.0	33.33	16.67	0.0	0.0	0.0	0.0	16.67	0.0	0.0	16.67
LILY	52	52.0	0.0	0.0	0.0	0.0	0.0	0.0	0.0	0.0	0.0	0.0	0.0	0.0	0.0	15.38	0.0	7.69	11.54	3.85	1.92	0.0	0.0	15.38	7.69	1.92	3.85	0.0	21.15	7.69	0.0	1.92	5.77	0.0	0.0	0.0	1.92	69.23	0.0	1.92	0.0	0.0	0.0	19.23	1.92	0.0	0.0	3.85	7.69	0.0	0.0	0.0	3.85	5.77	0.0	0.0	15.38	1.92	5.77	26.92	7.69	9.62	34.62	0.0	0.0	0.0	0.0	1.92	3.85	7.69	23.08	0.0	1.92	1.92	0.0	0.0	26.92	0.0	0.0	0.0
JAKE	6	6.0	0.0	0.0	0.0	0.0	0.0	0.0	0.0	0.0	0.0	0.0	0.0	0.0	0.0	16.67	0.0	0.0	0.0	0.0	0.0	0.0	0.0	16.67	0.0	0.0	0.0	0.0	16.67	0.0	0.0	0.0	0.0	0.0	0.0	0.0	0.0	83.33	0.0	0.0	0.0	0.0	0.0	0.0	16.67	0.0	0.0	0.0	0.0	0.0	0.0	0.0	0.0	0.0	0.0	0.0	16.67	16.67	0.0	33.33	33.33	0.0	33.33	0.0	16.67	0.0	0.0	16.67	0.0	16.67	33.33	16.67	0.0	0.0	0.0	0.0	16.67	0.0	0.0	16.67
LILY	35	35.0	0.0	0.0	0.0	0.0	0.0	0.0	0.0	0.0	0.0	0.0	0.0	2.86	0.0	17.14	0.0	2.86	0.0	0.0	0.0	2.86	0.0	2.86	2.86	0.0	0.0	0.0	17.14	8.57	0.0	0.0	2.86	0.0	5.71	0.0	0.0	57.14	0.0	2.86	2.86	0.0	0.0	11.43	8.57	0.0	0.0	2.86	2.86	0.0	0.0	5.71	0.0	0.0	0.0	0.0	11.43	8.57	0.0	20.00	14.29	0.0	22.86	2.86	28.57	0.0	0.0	0.0	0.0	8.57	11.43	17.14	0.0	2.86	0.0	5.71	11.43	0.0	0.0	0.0
LILY	10	10.0	0.0	0.0	0.0	0.0	0.0	0.0	0.0	0.0	0.0	0.0	0.0	0.0	0.0	0.0	0.0	10.00	20.00	10.00	0.0	0.0	0.0	10.00	10.00	10.00	0.0	0.0	20.00	0.0	0.0	0.0	10.00	0.0	0.0	0.0	0.0	60.00	0.0	0.0	0.0	0.0	10.00	10.00	0.0	0.0	0.0	0.0	20.00	0.0	0.0	0.0	0.0	10.00	0.0	0.0	20.00	0.0	10.00	20.00	0.0	0.0	40.00	0.0	0.0	0.0	0.0	0.0	0.0	10.00	30.00	0.0	10.00	0.0	0.0	0.0	20.00	0.0	0.0	0.0
JAKE	3	3.0	0.0	0.0	0.0	0.0	0.0	0.0	0.0	0.0	0.0	0.0	0.0	0.0	0.0	0.0	0.0	0.0	0.0	0.0	0.0	0.0	0.0	0.0	0.0	0.0	0.0	0.0	0.0	0.0	0.0	0.0	0.0	0.0	0.0	0.0	0.0	0.0	0.0	0.0	0.0	0.0	0.0	0.0	0.0	0.0	0.0	0.0	0.0	0.0	0.0	0.0	0.0	0.0	0.0	0.0	0.0	0.0	0.0	0.0	0.0	0.0	0.0	0.0	0.0	66.67	0.0	0.0	0.0	0.0	0.0	0.0	0.0	0.0	0.0	0.0	0.0	0.0	0.0	0.0
LILY	44	44.0	0.0	0.0	0.0	0.0	0.0	0.0	0.0	0.0	0.0	0.0	0.0	0.0	0.0	9.09	0.0	4.55	2.27	0.0	0.0	6.82	0.0	4.55	4.55	2.27	0.0	2.27	15.91	6.82	0.0	0.0	2.27	0.0	0.0	0.0	0.0	59.09	0.0	2.27	0.0	2.27	0.0	11.36	11.36	0.0	0.0	0.0	0.0	0.0	0.0	2.27	0.0	2.27	0.0	6.82	13.64	0.0	0.0	20.45	9.09	0.0	20.45	2.27	25.00	0.0	0.0	0.0	0.0	6.82	13.64	4.55	0.0	2.27	0.0	18.18	13.64	2.27	0.0	0.0
JAKE	6	6.0	0.0	0.0	0.0	0.0	0.0	0.0	0.0	0.0	0.0	0.0	0.0	0.0	0.0	0.0	0.0	0.0	16.67	16.67	0.0	0.0	0.0	33.33	0.0	0.0	0.0	0.0	0.0	0.0	16.67	0.0	0.0	0.0	0.0	0.0	0.0	66.67	0.0	0.0	0.0	0.0	0.0	0.0	0.0	0.0	0.0	0.0	0.0	0.0	0.0	0.0	0.0	16.67	16.67	0.0	33.33	0.0	0.0	33.33	0.0	0.0	33.33	0.0	0.0	0.0	0.0	0.0	0.0	16.67	33.33	0.0	0.0	0.0	0.0	0.0	33.33	0.0	0.0	16.67
LILY	31	31.0	0.0	0.0	0.0	0.0	0.0	0.0	0.0	0.0	0.0	0.0	0.0	0.0	0.0	6.45	0.0	3.23	9.68	6.45	3.23	3.23	0.0	9.68	3.23	3.23	0.0	3.23	22.58	6.45	0.0	0.0	3.23	0.0	0.0	0.0	0.0	64.52	0.0	0.0	0.0	0.0	0.0	16.13	3.23	0.0	3.23	6.45	6.45	0.0	0.0	3.23	3.23	9.68	0.0	0.0	3.23	0.0	0.0	19.35	19.35	16.13	25.81	0.0	16.13	0.0	0.0	0.0	0.0	0.0	3.23	9.68	3.23	9.68	0.0	0.0	19.35	0.0	0.0	3.23
JAKE	9	9.0	0.0	0.0	0.0	0.0	0.0	0.0	0.0	0.0	0.0	0.0	0.0	0.0	0.0	22.22	0.0	11.11	11.11	0.0	0.0	0.0	0.0	11.11	0.0	0.0	0.0	0.0	11.11	0.0	0.0	0.0	11.11	0.0	0.0	0.0	0.0	66.67	0.0	0.0	0.0	0.0	0.0	0.0	0.0	0.0	0.0	0.0	0.0	0.0	0.0	0.0	11.11	0.0	0.0	0.0	11.11	11.11	11.11	33.33	0.0	0.0	33.33	0.0	0.0	0.0	0.0	11.11	0.0	11.11	33.33	0.0	0.0	0.0	0.0	0.0	11.11	0.0	0.0	22.22
LILY	13	13.0	0.0	0.0	0.0	0.0	0.0	0.0	0.0	0.0	0.0	0.0	0.0	0.0	0.0	7.69	0.0	7.69	7.69	0.0	0.0	0.0	0.0	0.0	0.0	0.0	15.38	0.0	23.08	7.69	0.0	0.0	0.0	0.0	0.0	0.0	0.0	61.54	0.0	0.0	0.0	0.0	0.0	15.38	0.0	0.0	0.0	7.69	7.69	0.0	0.0	0.0	0.0	0.0	0.0	0.0	7.69	0.0	7.69	38.46	0.0	7.69	46.15	0.0	0.0	0.0	0.0	0.0	0.0	0.0	30.77	0.0	0.0	0.0	0.0	0.0	15.38	0.0	0.0	23.08
JAKE	15	15.0	0.0	0.0	0.0	0.0	0.0	0.0	0.0	0.0	0.0	0.0	0.0	0.0	0.0	0.0	0.0	0.0	13.33	0.0	0.0	6.67	0.0	13.33	0.0	0.0	0.0	6.67	33.33	13.33	0.0	6.67	13.33	0.0	0.0	0.0	6.67	66.67	0.0	0.0	0.0	0.0	0.0	6.67	6.67	0.0	0.0	6.67	6.67	0.0	0.0	0.0	6.67	6.67	0.0	0.0	0.0	6.67	6.67	13.33	6.67	13.33	20.00	6.67	13.33	0.0	0.0	0.0	0.0	0.0	20.00	6.67	0.0	6.67	0.0	6.67	13.33	6.67	0.0	0.0
BUTCH	5	5.0	0.0	0.0	0.0	0.0	0.0	0.0	0.0	0.0	0.0	0.0	0.0	0.0	0.0	0.0	0.0	0.0	0.0	0.0	0.0	0.0	20.00	0.0	0.0	0.0	0.0	0.0	20.00	0.0	0.0	0.0	0.0	0.0	0.0	0.0	0.0	40.00	0.0	0.0	0.0	0.0	0.0	0.0	0.0	0.0	0.0	0.0	0.0	0.0	0.0	0.0	0.0	0.0	0.0	0.0	20.00	0.0	0.0	20.00	0.0	0.0	20.00	20.00	0.0	0.0	0.0	0.0	0.0	0.0	20.00	0.0	0.0	20.00	0.0	0.0	20.00	0.0	0.0	20.00
LILY	6	6.0	0.0	0.0	0.0	0.0	0.0	0.0	0.0	0.0	0.0	0.0	0.0	0.0	0.0	0.0	0.0	0.0	16.67	0.0	0.0	0.0	0.0	16.67	0.0	0.0	0.0	0.0	0.0	0.0	0.0	0.0	0.0	0.0	0.0	0.0	0.0	66.67	0.0	0.0	0.0	0.0	0.0	33.33	0.0	0.0	0.0	0.0	0.0	0.0	0.0	0.0	0.0	0.0	0.0	0.0	0.0	0.0	16.67	33.33	16.67	50.00	33.33	0.0	0.0	0.0	0.0	0.0	0.0	0.0	0.0	0.0	0.0	0.0	0.0	0.0	50.00	0.0	0.0	0.0
BUTCH	2	2.0	0.0	0.0	0.0	0.0	0.0	0.0	0.0	0.0	0.0	0.0	0.0	0.0	0.0	0.0	0.0	0.0	0.0	0.0	0.0	0.0	0.0	0.0	0.0	0.0	0.0	0.0	0.0	0.0	0.0	0.0	0.0	0.0	0.0	0.0	0.0	50.00	0.0	0.0	0.0	0.0	0.0	0.0	0.0	0.0	0.0	0.0	0.0	0.0	0.0	0.0	0.0	0.0	0.0	0.0	0.0	0.0	0.0	0.0	50.00	0.0	0.0	0.0	100.00	0.0	0.0	0.0	0.0	0.0	0.0	50.00	0.0	0.0	0.0	50.00	0.0	0.0	0.0	0.0
JAKE	6	6.0	0.0	0.0	0.0	0.0	0.0	0.0	0.0	0.0	0.0	0.0	0.0	0.0	0.0	16.67	16.67	0.0	0.0	0.0	0.0	16.67	0.0	16.67	0.0	0.0	0.0	0.0	16.67	0.0	0.0	0.0	0.0	0.0	0.0	0.0	0.0	66.67	0.0	0.0	0.0	0.0	0.0	0.0	16.67	0.0	0.0	0.0	0.0	0.0	0.0	0.0	0.0	0.0	0.0	0.0	16.67	0.0	0.0	16.67	16.67	0.0	16.67	0.0	0.0	0.0	0.0	0.0	0.0	0.0	33.33	0.0	0.0	0.0	0.0	0.0	16.67	16.67	16.67	0.0
ASHBY	4	4.0	0.0	0.0	0.0	0.0	0.0	0.0	0.0	0.0	0.0	0.0	0.0	0.0	0.0	25.00	0.0	0.0	0.0	0.0	0.0	0.0	0.0	0.0	0.0	0.0	0.0	25.00	25.00	0.0	0.0	0.0	0.0	0.0	0.0	0.0	0.0	50.00	0.0	0.0	0.0	0.0	0.0	0.0	0.0	0.0	0.0	0.0	25.00	0.0	0.0	0.0	0.0	0.0	0.0	0.0	0.0	25.00	0.0	0.0	25.00	25.00	25.00	0.0	50.00	0.0	0.0	25.00	0.0	0.0	25.00	25.00	0.0	0.0	0.0	0.0	25.00	0.0	0.0	0.0
JAKE	5	5.0	0.0	0.0	0.0	0.0	0.0	0.0	0.0	0.0	0.0	0.0	0.0	0.0	0.0	0.0	0.0	0.0	0.0	0.0	0.0	0.0	0.0	20.00	0.0	0.0	0.0	0.0	0.0	0.0	0.0	0.0	0.0	0.0	0.0	0.0	0.0	60.00	0.0	0.0	0.0	0.0	0.0	0.0	0.0	0.0	0.0	0.0	20.00	0.0	0.0	0.0	0.0	0.0	0.0	0.0	0.0	0.0	0.0	0.0	20.00	40.00	20.00	0.0	20.00	0.0	0.0	0.0	0.0	0.0	0.0	0.0	0.0	0.0	0.0	20.00	40.00	0.0	0.0	0.0
ASHBY	6	6.0	0.0	0.0	0.0	0.0	0.0	0.0	0.0	0.0	0.0	0.0	0.0	0.0	0.0	16.67	16.67	0.0	16.67	0.0	0.0	0.0	0.0	16.67	0.0	0.0	0.0	0.0	16.67	0.0	0.0	0.0	0.0	0.0	0.0	0.0	0.0	50.00	16.67	0.0	0.0	0.0	0.0	16.67	0.0	0.0	0.0	16.67	16.67	0.0	0.0	16.67	16.67	0.0	0.0	0.0	16.67	0.0	16.67	16.67	0.0	33.33	33.33	0.0	16.67	0.0	0.0	0.0	0.0	0.0	0.0	0.0	0.0	0.0	0.0	0.0	66.67	0.0	0.0	0.0
JAKE	4	4.0	0.0	0.0	0.0	0.0	0.0	0.0	0.0	0.0	0.0	0.0	0.0	0.0	0.0	0.0	0.0	25.00	0.0	0.0	0.0	0.0	0.0	25.00	0.0	0.0	0.0	0.0	0.0	0.0	0.0	0.0	0.0	0.0	0.0	0.0	0.0	50.00	0.0	0.0	0.0	0.0	0.0	0.0	0.0	0.0	0.0	0.0	0.0	0.0	0.0	0.0	0.0	0.0	0.0	0.0	0.0	25.00	0.0	0.0	0.0	0.0	0.0	0.0	0.0	0.0	0.0	25.00	0.0	0.0	0.0	0.0	0.0	0.0	0.0	0.0	25.00	0.0	0.0	0.0
ASHBY	2	2.0	0.0	0.0	0.0	0.0	0.0	0.0	0.0	0.0	0.0	0.0	0.0	0.0	0.0	0.0	0.0	0.0	0.0	0.0	0.0	0.0	0.0	50.00	0.0	0.0	0.0	0.0	0.0	0.0	0.0	0.0	0.0	0.0	0.0	0.0	0.0	150.00	0.0	0.0	0.0	0.0	0.0	0.0	0.0	0.0	0.0	0.0	150.00	0.0	0.0	0.0	0.0	0.0	0.0	0.0	0.0	0.0	0.0	0.0	0.0	50.00	150.00	0.0	0.0	0.0	0.0	0.0	0.0	0.0	0.0	0.0	0.0	0.0	0.0	0.0	50.00	0.0	0.0	0.0
JAKE	8	8.0	0.0	0.0	0.0	0.0	0.0	0.0	0.0	0.0	0.0	0.0	0.0	0.0	0.0	37.50	0.0	0.0	25.00	0.0	0.0	12.50	0.0	0.0	0.0	0.0	0.0	0.0	37.50	0.0	0.0	12.50	0.0	0.0	0.0	0.0	0.0	50.00	0.0	0.0	0.0	0.0	0.0	0.0	0.0	0.0	0.0	12.50	12.50	0.0	0.0	0.0	0.0	0.0	0.0	0.0	0.0	0.0	25.00	12.50	0.0	12.50	25.00	12.50	0.0	0.0	0.0	0.0	0.0	0.0	12.50	0.0	0.0	12.50	0.0	0.0	12.50	0.0	0.0	12.50
ASHBY	7	7.0	0.0	0.0	0.0	0.0	0.0	0.0	0.0	0.0	0.0	0.0	0.0	0.0	0.0	0.0	0.0	14.29	0.0	0.0	0.0	14.29	0.0	14.29	0.0	0.0	0.0	0.0	14.29	0.0	0.0	0.0	14.29	0.0	0.0	0.0	0.0	100.00	0.0	0.0	0.0	0.0	0.0	0.0	0.0	0.0	0.0	0.0	0.0	0.0	0.0	0.0	0.0	0.0	0.0	14.29	0.0	0.0	0.0	14.29	28.57	14.29	14.29	0.0	28.57	0.0	0.0	0.0	0.0	0.0	14.29	14.29	0.0	0.0	0.0	14.29	28.57	14.29	0.0	0.0
JAKE	10	10.0	0.0	0.0	0.0	0.0	0.0	0.0	0.0	0.0	0.0	0.0	0.0	0.0	0.0	30.00	0.0	10.00	10.00	0.0	10.00	10.00	0.0	10.00	0.0	0.0	0.0	0.0	0.0	0.0	0.0	0.0	0.0	0.0	0.0	0.0	0.0	60.00	0.0	0.0	0.0	0.0	0.0	10.00	0.0	0.0	0.0	0.0	0.0	0.0	10.00	0.0	0.0	10.00	0.0	0.0	10.00	0.0	0.0	40.00	10.00	10.00	40.00	0.0	10.00	0.0	0.0	0.0	0.0	0.0	40.00	0.0	0.0	0.0	0.0	10.00	20.00	0.0	0.0	30.00
ASHBY	20	20.0	0.0	0.0	0.0	0.0	0.0	0.0	0.0	0.0	0.0	0.0	0.0	0.0	0.0	15.00	5.00	15.00	10.00	5.00	0.0	0.0	0.0	10.00	0.0	0.0	0.0	0.0	15.00	0.0	0.0	0.0	0.0	0.0	0.0	0.0	0.0	75.00	0.0	0.0	5.00	0.0	0.0	30.00	0.0	0.0	0.0	15.00	15.00	0.0	0.0	0.0	5.00	5.00	5.00	0.0	5.00	5.00	5.00	30.00	10.00	15.00	45.00	0.0	0.0	0.0	0.0	0.0	0.0	0.0	5.00	0.0	0.0	5.00	0.0	0.0	20.00	0.0	0.0	0.0
JAKE	8	8.0	0.0	0.0	0.0	0.0	0.0	0.0	0.0	0.0	0.0	0.0	0.0	0.0	0.0	0.0	0.0	12.50	0.0	0.0	0.0	12.50	0.0	12.50	12.50	12.50	0.0	0.0	0.0	12.50	0.0	0.0	0.0	0.0	0.0	0.0	0.0	62.50	0.0	12.50	0.0	0.0	0.0	0.0	0.0	0.0	0.0	0.0	12.50	0.0	0.0	0.0	0.0	0.0	0.0	0.0	0.0	0.0	0.0	0.0	0.0	25.00	12.50	0.0	12.50	0.0	0.0	0.0	0.0	0.0	0.0	0.0	0.0	0.0	0.0	12.50	25.00	0.0	0.0	0.0
JAKE	3	3.0	0.0	0.0	0.0	0.0	0.0	0.0	0.0	0.0	0.0	0.0	0.0	0.0	0.0	33.33	0.0	0.0	0.0	0.0	0.0	33.33	0.0	0.0	0.0	0.0	0.0	0.0	33.33	0.0	0.0	0.0	0.0	0.0	0.0	0.0	0.0	66.67	0.0	0.0	0.0	0.0	0.0	0.0	0.0	0.0	0.0	0.0	0.0	0.0	0.0	0.0	0.0	0.0	0.0	33.33	0.0	0.0	0.0	0.0	0.0	0.0	0.0	0.0	0.0	0.0	0.0	0.0	0.0	0.0	0.0	0.0	0.0	0.0	0.0	0.0	0.0	0.0	0.0	0.0
ASHBY	5	5.0	0.0	0.0	0.0	0.0	0.0	0.0	0.0	0.0	0.0	0.0	0.0	0.0	0.0	20.00	0.0	20.00	0.0	0.0	0.0	0.0	0.0	0.0	0.0	0.0	20.00	0.0	20.00	20.00	0.0	0.0	0.0	0.0	0.0	0.0	0.0	80.00	0.0	0.0	0.0	0.0	0.0	0.0	0.0	0.0	0.0	0.0	0.0	0.0	0.0	0.0	0.0	0.0	0.0	20.00	0.0	0.0	0.0	0.0	20.00	0.0	0.0	40.00	0.0	0.0	0.0	0.0	0.0	0.0	0.0	0.0	0.0	0.0	0.0	0.0	0.0	0.0	0.0	0.0
JAKE	2	2.0	0.0	0.0	0.0	0.0	0.0	0.0	0.0	0.0	0.0	0.0	0.0	0.0	0.0	50.00	0.0	0.0	0.0	0.0	0.0	0.0	0.0	0.0	0.0	0.0	0.0	0.0	0.0	0.0	0.0	0.0	0.0	0.0	0.0	0.0	0.0	100.00	0.0	0.0	0.0	0.0	0.0	0.0	0.0	0.0	0.0	0.0	0.0	0.0	0.0	0.0	0.0	0.0	0.0	100.00	0.0	0.0	0.0	0.0	0.0	0.0	0.0	0.0	0.0	0.0	0.0	0.0	0.0	0.0	0.0	0.0	0.0	0.0	0.0	0.0	0.0	0.0	0.0	0.0
GORDO	12	12.0	0.0	0.0	0.0	0.0	0.0	0.0	0.0	0.0	0.0	0.0	0.0	0.0	0.0	0.0	0.0	8.33	0.0	0.0	0.0	0.0	0.0	0.0	0.0	0.0	8.33	0.0	25.00	8.33	0.0	0.0	8.33	0.0	0.0	0.0	0.0	75.00	0.0	0.0	0.0	0.0	0.0	0.0	8.33	0.0	0.0	0.0	8.33	0.0	0.0	8.33	0.0	0.0	0.0	16.67	0.0	0.0	0.0	16.67	16.67	16.67	25.00	0.0	33.33	0.0	0.0	0.0	0.0	0.0	16.67	8.33	0.0	8.33	0.0	16.67	16.67	16.67	0.0	0.0
JAKE	20	20.0	0.0	0.0	0.0	0.0	0.0	0.0	0.0	0.0	0.0	0.0	0.0	0.0	0.0	20.00	0.0	0.0	0.0	0.0	0.0	5.00	0.0	10.00	0.0	0.0	0.0	5.00	25.00	10.00	0.0	5.00	0.0	0.0	0.0	0.0	0.0	65.00	0.0	0.0	0.0	0.0	0.0	0.0	10.00	0.0	0.0	0.0	0.0	0.0	0.0	10.00	0.0	0.0	0.0	5.00	0.0	0.0	0.0	10.00	15.00	15.00	10.00	15.00	15.00	0.0	0.0	0.0	0.0	0.0	10.00	0.0	0.0	5.00	0.0	5.00	15.00	0.0	5.00	10.00
GORDO	3	3.0	0.0	0.0	0.0	0.0	0.0	0.0	0.0	0.0	0.0	0.0	0.0	0.0	0.0	0.0	0.0	33.33	0.0	0.0	0.0	0.0	0.0	66.67	0.0	0.0	0.0	0.0	0.0	0.0	0.0	0.0	0.0	0.0	0.0	0.0	0.0	133.33	33.33	0.0	0.0	0.0	0.0	0.0	0.0	0.0	0.0	0.0	0.0	0.0	0.0	0.0	0.0	0.0	0.0	0.0	0.0	0.0	0.0	66.67	0.0	0.0	66.67	0.0	0.0	0.0	0.0	0.0	0.0	0.0	66.67	0.0	0.0	0.0	0.0	0.0	66.67	0.0	0.0	66.67
JAKE	3	3.0	0.0	0.0	0.0	0.0	0.0	0.0	0.0	0.0	0.0	0.0	0.0	0.0	0.0	0.0	0.0	0.0	0.0	0.0	0.0	33.33	0.0	0.0	0.0	0.0	0.0	0.0	0.0	0.0	0.0	0.0	0.0	0.0	0.0	0.0	0.0	66.67	0.0	0.0	0.0	0.0	0.0	0.0	0.0	0.0	0.0	0.0	0.0	0.0	0.0	0.0	0.0	0.0	0.0	33.33	0.0	0.0	0.0	0.0	0.0	0.0	0.0	0.0	0.0	0.0	0.0	0.0	0.0	0.0	0.0	0.0	0.0	0.0	0.0	0.0	0.0	0.0	0.0	0.0
GORDO	1	1.0	0.0	0.0	0.0	0.0	0.0	0.0	0.0	0.0	0.0	0.0	0.0	0.0	0.0	0.0	0.0	0.0	0.0	0.0	0.0	0.0	0.0	0.0	0.0	0.0	0.0	0.0	0.0	0.0	0.0	0.0	0.0	0.0	0.0	0.0	0.0	0.0	0.0	0.0	0.0	0.0	0.0	0.0	0.0	0.0	0.0	0.0	0.0	0.0	0.0	0.0	0.0	0.0	0.0	0.0	0.0	0.0	0.0	0.0	0.0	0.0	0.0	0.0	0.0	0.0	0.0	0.0	0.0	0.0	100.00	0.0	0.0	0.0	0.0	0.0	0.0	0.0	0.0	0.0
JAKE	4	4.0	0.0	0.0	0.0	0.0	0.0	0.0	0.0	0.0	0.0	0.0	0.0	0.0	0.0	0.0	0.0	0.0	0.0	0.0	0.0	25.00	0.0	25.00	0.0	0.0	25.00	0.0	50.00	0.0	0.0	0.0	0.0	0.0	0.0	0.0	0.0	75.00	25.00	0.0	0.0	0.0	0.0	0.0	25.00	0.0	0.0	0.0	0.0	0.0	0.0	0.0	0.0	0.0	0.0	0.0	0.0	0.0	0.0	50.00	0.0	25.00	50.00	0.0	0.0	0.0	0.0	0.0	0.0	0.0	50.00	0.0	0.0	0.0	0.0	0.0	50.00	50.00	0.0	0.0
ROTTOVICH	2	2.0	0.0	0.0	0.0	0.0	0.0	0.0	0.0	0.0	0.0	0.0	0.0	0.0	0.0	0.0	0.0	0.0	0.0	0.0	0.0	0.0	0.0	0.0	0.0	0.0	0.0	0.0	0.0	0.0	0.0	0.0	0.0	0.0	0.0	0.0	0.0	0.0	0.0	0.0	0.0	0.0	0.0	0.0	0.0	0.0	0.0	0.0	0.0	0.0	0.0	0.0	0.0	0.0	0.0	0.0	0.0	0.0	0.0	0.0	0.0	0.0	0.0	0.0	0.0	0.0	0.0	0.0	0.0	0.0	50.00	0.0	0.0	0.0	0.0	0.0	0.0	0.0	0.0	0.0
JAKE	7	7.0	0.0	0.0	0.0	0.0	0.0	0.0	0.0	0.0	0.0	0.0	0.0	0.0	0.0	0.0	14.29	0.0	0.0	0.0	0.0	0.0	0.0	0.0	0.0	0.0	0.0	0.0	14.29	0.0	0.0	0.0	14.29	0.0	0.0	0.0	0.0	57.14	0.0	0.0	0.0	0.0	0.0	0.0	0.0	0.0	0.0	0.0	14.29	0.0	0.0	0.0	14.29	0.0	0.0	0.0	0.0	0.0	0.0	14.29	14.29	0.0	28.57	0.0	0.0	0.0	0.0	0.0	0.0	0.0	14.29	0.0	0.0	0.0	0.0	0.0	0.0	0.0	14.29	14.29
ROTTOVICH	13	13.0	0.0	0.0	0.0	0.0	0.0	0.0	0.0	0.0	0.0	0.0	0.0	0.0	0.0	7.69	0.0	7.69	7.69	0.0	0.0	15.38	0.0	15.38	7.69	0.0	0.0	0.0	15.38	0.0	0.0	0.0	0.0	0.0	0.0	0.0	0.0	53.85	0.0	0.0	0.0	0.0	0.0	0.0	7.69	7.69	0.0	7.69	0.0	0.0	0.0	0.0	0.0	0.0	0.0	0.0	23.08	0.0	7.69	7.69	7.69	0.0	7.69	7.69	7.69	0.0	0.0	0.0	0.0	0.0	7.69	7.69	0.0	0.0	0.0	0.0	23.08	7.69	0.0	0.0
JAKE	12	12.0	0.0	0.0	0.0	0.0	0.0	0.0	0.0	0.0	0.0	0.0	0.0	0.0	0.0	8.33	0.0	0.0	0.0	0.0	0.0	0.0	0.0	16.67	0.0	0.0	0.0	0.0	8.33	8.33	0.0	8.33	8.33	0.0	0.0	0.0	0.0	58.33	0.0	0.0	8.33	0.0	8.33	0.0	0.0	0.0	0.0	0.0	16.67	0.0	25.00	0.0	8.33	0.0	0.0	0.0	0.0	8.33	0.0	25.00	0.0	25.00	41.67	0.0	0.0	0.0	0.0	0.0	0.0	0.0	50.00	0.0	0.0	8.33	0.0	0.0	25.00	0.0	25.00	25.00
SOBOZINSKI	2	2.0	0.0	0.0	0.0	0.0	0.0	0.0	0.0	0.0	0.0	0.0	0.0	0.0	0.0	0.0	0.0	50.00	0.0	0.0	0.0	0.0	0.0	0.0	0.0	0.0	0.0	0.0	0.0	0.0	0.0	0.0	0.0	0.0	0.0	0.0	0.0	100.00	0.0	0.0	0.0	0.0	0.0	0.0	0.0	0.0	0.0	0.0	0.0	0.0	0.0	0.0	0.0	0.0	0.0	0.0	0.0	0.0	0.0	0.0	50.00	0.0	0.0	0.0	100.00	0.0	0.0	0.0	0.0	0.0	0.0	50.00	0.0	0.0	0.0	50.00	0.0	0.0	0.0	0.0
LUPUS	7	7.0	0.0	0.0	0.0	0.0	0.0	0.0	0.0	0.0	0.0	0.0	0.0	0.0	0.0	0.0	0.0	0.0	0.0	0.0	0.0	0.0	0.0	14.29	0.0	0.0	0.0	0.0	42.86	0.0	0.0	28.57	0.0	0.0	0.0	0.0	0.0	71.43	14.29	0.0	0.0	0.0	0.0	14.29	0.0	0.0	14.29	0.0	0.0	0.0	0.0	0.0	0.0	0.0	0.0	0.0	0.0	0.0	0.0	42.86	14.29	14.29	42.86	0.0	14.29	0.0	0.0	0.0	0.0	14.29	28.57	14.29	0.0	0.0	0.0	0.0	28.57	0.0	0.0	14.29
ROTTOVICH	7	7.0	0.0	0.0	0.0	0.0	0.0	0.0	0.0	0.0	0.0	0.0	0.0	0.0	0.0	28.57	0.0	0.0	14.29	0.0	0.0	14.29	0.0	0.0	0.0	0.0	0.0	0.0	0.0	0.0	0.0	0.0	0.0	0.0	0.0	0.0	0.0	14.29	0.0	0.0	14.29	0.0	0.0	0.0	0.0	0.0	0.0	0.0	0.0	0.0	0.0	0.0	0.0	0.0	0.0	0.0	0.0	14.29	14.29	0.0	0.0	0.0	0.0	0.0	0.0	0.0	0.0	0.0	0.0	0.0	0.0	0.0	0.0	0.0	0.0	0.0	0.0	0.0	14.29	0.0
JAKE	7	7.0	0.0	0.0	0.0	0.0	0.0	0.0	0.0	0.0	0.0	0.0	0.0	0.0	0.0	42.86	0.0	0.0	0.0	0.0	0.0	14.29	0.0	14.29	0.0	0.0	0.0	0.0	28.57	0.0	0.0	0.0	0.0	0.0	0.0	0.0	0.0	57.14	0.0	0.0	0.0	0.0	0.0	42.86	0.0	0.0	0.0	28.57	0.0	0.0	0.0	0.0	0.0	0.0	0.0	0.0	0.0	0.0	0.0	42.86	0.0	14.29	42.86	0.0	0.0	0.0	0.0	0.0	0.0	0.0	0.0	0.0	0.0	0.0	0.0	0.0	28.57	0.0	0.0	0.0
ROTTOVICH	5	5.0	0.0	0.0	0.0	0.0	0.0	0.0	0.0	0.0	0.0	0.0	0.0	0.0	0.0	0.0	0.0	0.0	0.0	0.0	0.0	0.0	0.0	0.0	0.0	0.0	0.0	0.0	0.0	0.0	0.0	0.0	0.0	0.0	0.0	0.0	0.0	60.00	0.0	0.0	20.00	0.0	0.0	0.0	0.0	0.0	0.0	0.0	20.00	0.0	0.0	0.0	0.0	0.0	0.0	0.0	0.0	20.00	0.0	20.00	20.00	0.0	40.00	0.0	0.0	0.0	0.0	0.0	0.0	20.00	20.00	0.0	0.0	0.0	0.0	0.0	0.0	0.0	0.0	0.0
JAKE	7	7.0	0.0	0.0	0.0	0.0	0.0	0.0	0.0	0.0	0.0	0.0	0.0	0.0	0.0	14.29	0.0	14.29	14.29	0.0	0.0	0.0	28.57	0.0	0.0	0.0	0.0	0.0	14.29	0.0	0.0	0.0	0.0	0.0	0.0	0.0	0.0	28.57	0.0	0.0	0.0	0.0	0.0	14.29	0.0	0.0	0.0	14.29	0.0	0.0	0.0	0.0	0.0	0.0	0.0	0.0	0.0	0.0	14.29	14.29	0.0	14.29	14.29	0.0	14.29	0.0	0.0	0.0	0.0	0.0	0.0	0.0	0.0	0.0	0.0	14.29	14.29	0.0	0.0	0.0
ROTTOVICH	29	29.0	0.0	0.0	0.0	0.0	0.0	0.0	0.0	0.0	0.0	0.0	0.0	0.0	0.0	3.45	0.0	6.90	10.34	3.45	0.0	3.45	0.0	20.69	6.90	3.45	0.0	3.45	17.24	6.90	0.0	0.0	0.0	0.0	0.0	0.0	0.0	79.31	0.0	0.0	0.0	0.0	0.0	0.0	10.34	3.45	0.0	3.45	6.90	0.0	0.0	3.45	3.45	3.45	3.45	0.0	3.45	0.0	6.90	24.14	20.69	20.69	31.03	0.0	13.79	0.0	0.0	0.0	0.0	10.34	24.14	10.34	3.45	0.0	0.0	0.0	24.14	10.34	0.0	3.45
JAKE	4	4.0	0.0	0.0	0.0	0.0	0.0	0.0	0.0	0.0	0.0	0.0	0.0	0.0	0.0	0.0	0.0	0.0	0.0	0.0	0.0	0.0	0.0	25.00	0.0	0.0	0.0	0.0	25.00	0.0	0.0	25.00	0.0	0.0	0.0	0.0	0.0	75.00	25.00	0.0	0.0	0.0	0.0	0.0	0.0	0.0	0.0	0.0	25.00	25.00	0.0	0.0	25.00	0.0	0.0	0.0	0.0	0.0	0.0	0.0	25.00	0.0	25.00	0.0	0.0	0.0	0.0	0.0	0.0	0.0	0.0	0.0	0.0	0.0	0.0	0.0	25.00	0.0	0.0	0.0
ROTTOVICH	54	54.0	0.0	0.0	0.0	0.0	0.0	0.0	0.0	0.0	0.0	0.0	0.0	0.0	0.0	12.96	1.85	0.0	1.85	1.85	0.0	9.26	0.0	9.26	0.0	0.0	0.0	0.0	35.19	7.41	0.0	3.70	7.41	0.0	0.0	0.0	0.0	68.52	1.85	0.0	1.85	0.0	0.0	5.56	16.67	0.0	1.85	7.41	7.41	0.0	0.0	0.0	1.85	1.85	0.0	0.0	1.85	1.85	0.0	24.07	11.11	16.67	31.48	3.70	11.11	0.0	0.0	0.0	0.0	0.0	24.07	9.26	0.0	7.41	0.0	1.85	20.37	9.26	0.0	9.26
JAKE	2	2.0	0.0	0.0	0.0	0.0	0.0	0.0	0.0	0.0	0.0	0.0	0.0	0.0	0.0	50.00	0.0	0.0	50.00	50.00	0.0	0.0	0.0	0.0	0.0	0.0	0.0	0.0	50.00	0.0	0.0	0.0	50.00	0.0	0.0	0.0	0.0	50.00	0.0	0.0	0.0	0.0	0.0	0.0	0.0	0.0	0.0	0.0	50.00	0.0	0.0	0.0	0.0	50.00	0.0	0.0	0.0	0.0	0.0	0.0	0.0	0.0	50.00	0.0	0.0	0.0	0.0	0.0	0.0	0.0	0.0	0.0	0.0	50.00	0.0	0.0	0.0	0.0	0.0	0.0
ROTTOVICH	2	2.0	0.0	0.0	0.0	0.0	0.0	0.0	0.0	0.0	0.0	0.0	0.0	0.0	0.0	0.0	0.0	0.0	50.00	0.0	0.0	0.0	0.0	0.0	0.0	0.0	0.0	0.0	0.0	0.0	0.0	0.0	0.0	0.0	0.0	0.0	0.0	0.0	0.0	0.0	0.0	0.0	50.00	0.0	0.0	0.0	0.0	0.0	0.0	0.0	0.0	0.0	0.0	0.0	0.0	0.0	0.0	0.0	50.00	0.0	0.0	0.0	0.0	0.0	0.0	0.0	0.0	0.0	0.0	0.0	50.00	0.0	0.0	0.0	0.0	0.0	0.0	0.0	0.0	0.0
SOBOZINSKI	10	10.0	0.0	0.0	0.0	0.0	0.0	0.0	0.0	0.0	0.0	0.0	0.0	0.0	0.0	0.0	0.0	0.0	0.0	0.0	0.0	0.0	0.0	10.00	0.0	0.0	0.0	10.00	30.00	10.00	0.0	10.00	0.0	0.0	0.0	0.0	0.0	50.00	0.0	0.0	10.00	0.0	0.0	10.00	10.00	0.0	0.0	0.0	10.00	0.0	0.0	10.00	10.00	0.0	0.0	0.0	10.00	10.00	0.0	10.00	10.00	10.00	20.00	0.0	30.00	0.0	0.0	0.0	0.0	0.0	10.00	10.00	0.0	0.0	0.0	10.00	20.00	0.0	0.0	0.0
LILY	7	7.0	0.0	0.0	0.0	0.0	0.0	0.0	0.0	0.0	0.0	0.0	0.0	0.0	0.0	0.0	0.0	0.0	0.0	0.0	0.0	0.0	0.0	28.57	0.0	0.0	0.0	0.0	0.0	0.0	0.0	0.0	0.0	0.0	0.0	0.0	0.0	71.43	0.0	0.0	0.0	0.0	14.29	0.0	0.0	0.0	0.0	0.0	0.0	0.0	0.0	0.0	14.29	0.0	0.0	0.0	0.0	0.0	0.0	28.57	0.0	28.57	28.57	14.29	0.0	0.0	0.0	0.0	0.0	0.0	42.86	0.0	0.0	0.0	14.29	0.0	28.57	0.0	0.0	14.29
MOONAN	4	4.0	0.0	0.0	0.0	0.0	0.0	0.0	0.0	0.0	0.0	0.0	0.0	0.0	0.0	0.0	0.0	0.0	0.0	0.0	0.0	0.0	0.0	25.00	0.0	0.0	0.0	0.0	0.0	0.0	0.0	0.0	0.0	0.0	0.0	0.0	0.0	75.00	0.0	0.0	0.0	0.0	0.0	0.0	0.0	0.0	0.0	0.0	25.00	0.0	25.00	0.0	0.0	0.0	0.0	0.0	25.00	0.0	0.0	25.00	0.0	0.0	50.00	0.0	0.0	0.0	0.0	0.0	0.0	25.00	25.00	0.0	0.0	0.0	0.0	0.0	25.00	0.0	0.0	0.0
ROTTOVICH	10	10.0	0.0	0.0	0.0	0.0	0.0	0.0	0.0	0.0	0.0	0.0	0.0	0.0	0.0	0.0	0.0	30.00	0.0	0.0	0.0	0.0	0.0	10.00	0.0	0.0	0.0	10.00	20.00	10.00	0.0	0.0	0.0	0.0	0.0	0.0	0.0	90.00	0.0	0.0	0.0	0.0	0.0	10.00	0.0	0.0	0.0	10.00	10.00	0.0	0.0	0.0	0.0	0.0	0.0	0.0	0.0	0.0	0.0	30.00	10.00	20.00	40.00	0.0	10.00	0.0	0.0	0.0	0.0	10.00	20.00	0.0	0.0	0.0	0.0	10.00	20.00	0.0	0.0	10.00
MOONAN	7	7.0	0.0	0.0	0.0	0.0	0.0	0.0	0.0	0.0	0.0	0.0	0.0	0.0	0.0	0.0	0.0	14.29	0.0	0.0	0.0	0.0	0.0	14.29	0.0	0.0	0.0	0.0	14.29	0.0	0.0	0.0	14.29	0.0	0.0	0.0	0.0	85.71	0.0	0.0	14.29	0.0	0.0	14.29	0.0	0.0	0.0	0.0	0.0	0.0	0.0	0.0	0.0	0.0	0.0	14.29	0.0	14.29	0.0	42.86	0.0	14.29	42.86	0.0	14.29	0.0	0.0	0.0	0.0	14.29	42.86	0.0	0.0	0.0	0.0	14.29	28.57	14.29	0.0	0.0
LUPUS	16	16.0	0.0	0.0	0.0	0.0	0.0	0.0	0.0	0.0	0.0	0.0	0.0	0.0	0.0	18.75	0.0	6.25	12.50	6.25	0.0	6.25	0.0	6.25	0.0	0.0	6.25	6.25	25.00	6.25	0.0	0.0	6.25	0.0	6.25	0.0	0.0	62.50	0.0	0.0	0.0	0.0	6.25	0.0	0.0	0.0	6.25	0.0	6.25	0.0	0.0	0.0	6.25	6.25	0.0	0.0	0.0	6.25	6.25	18.75	18.75	6.25	25.00	0.0	12.50	0.0	0.0	0.0	0.0	0.0	25.00	12.50	0.0	0.0	0.0	0.0	6.25	0.0	0.0	18.75
JAKE	4	4.0	0.0	0.0	0.0	0.0	0.0	0.0	0.0	0.0	0.0	0.0	0.0	0.0	0.0	0.0	0.0	25.00	0.0	0.0	0.0	0.0	0.0	0.0	0.0	0.0	0.0	0.0	25.00	0.0	0.0	0.0	0.0	0.0	0.0	0.0	0.0	50.00	0.0	0.0	0.0	0.0	0.0	0.0	25.00	0.0	0.0	0.0	0.0	0.0	0.0	25.00	0.0	0.0	0.0	0.0	0.0	0.0	0.0	25.00	0.0	25.00	25.00	0.0	75.00	0.0	0.0	0.0	0.0	0.0	25.00	0.0	0.0	0.0	0.0	25.00	25.00	25.00	0.0	0.0
JAKE	15	15.0	0.0	0.0	0.0	0.0	0.0	0.0	0.0	0.0	0.0	0.0	0.0	0.0	0.0	6.67	6.67	6.67	0.0	0.0	0.0	0.0	0.0	6.67	0.0	0.0	0.0	0.0	13.33	0.0	0.0	0.0	0.0	0.0	0.0	0.0	0.0	46.67	0.0	0.0	0.0	0.0	0.0	0.0	6.67	0.0	0.0	0.0	0.0	0.0	0.0	0.0	0.0	0.0	0.0	6.67	6.67	0.0	0.0	6.67	20.00	0.0	6.67	6.67	26.67	0.0	0.0	0.0	0.0	0.0	6.67	13.33	0.0	6.67	0.0	13.33	6.67	6.67	6.67	0.0
JAKE	23	23.0	0.0	0.0	0.0	0.0	0.0	0.0	0.0	0.0	0.0	0.0	0.0	0.0	0.0	13.04	0.0	0.0	0.0	0.0	0.0	8.70	0.0	17.39	0.0	0.0	0.0	0.0	13.04	0.0	0.0	0.0	0.0	0.0	0.0	0.0	0.0	60.87	0.0	0.0	0.0	0.0	0.0	0.0	8.70	0.0	0.0	4.35	8.70	0.0	0.0	0.0	0.0	0.0	0.0	4.35	8.70	8.70	0.0	4.35	17.39	8.70	13.04	0.0	13.04	0.0	0.0	8.70	0.0	0.0	4.35	13.04	0.0	0.0	0.0	0.0	26.09	4.35	0.0	0.0
JAKE	4	4.0	0.0	0.0	0.0	0.0	0.0	0.0	0.0	0.0	0.0	0.0	0.0	0.0	0.0	50.00	0.0	0.0	25.00	0.0	0.0	0.0	0.0	0.0	0.0	0.0	0.0	0.0	0.0	0.0	0.0	0.0	0.0	0.0	0.0	0.0	0.0	0.0	0.0	0.0	0.0	0.0	0.0	0.0	0.0	0.0	0.0	0.0	0.0	0.0	0.0	0.0	0.0	0.0	0.0	0.0	0.0	0.0	25.00	0.0	0.0	0.0	0.0	0.0	0.0	0.0	0.0	0.0	0.0	0.0	0.0	0.0	0.0	0.0	0.0	0.0	0.0	0.0	25.00	0.0
JAKE	24	24.0	0.0	0.0	0.0	0.0	0.0	0.0	0.0	0.0	0.0	0.0	0.0	0.0	0.0	4.17	0.0	12.50	4.17	0.0	0.0	4.17	0.0	8.33	4.17	0.0	0.0	0.0	25.00	8.33	0.0	0.0	8.33	0.0	0.0	0.0	0.0	75.00	0.0	0.0	0.0	0.0	4.17	8.33	4.17	4.17	0.0	4.17	8.33	0.0	0.0	0.0	4.17	0.0	0.0	0.0	4.17	0.0	4.17	20.83	16.67	8.33	29.17	0.0	8.33	0.0	0.0	0.0	0.0	8.33	20.83	8.33	0.0	8.33	0.0	0.0	12.50	4.17	0.0	0.0
JAKE	32	32.0	0.0	0.0	0.0	0.0	0.0	0.0	0.0	0.0	0.0	0.0	0.0	0.0	0.0	3.12	0.0	3.12	3.12	0.0	0.0	12.50	0.0	6.25	3.12	0.0	0.0	3.12	12.50	9.38	0.0	0.0	3.12	0.0	0.0	0.0	0.0	62.50	3.12	0.0	0.0	0.0	6.25	0.0	6.25	3.12	0.0	0.0	9.38	3.12	3.12	0.0	0.0	0.0	0.0	3.12	3.12	3.12	3.12	18.75	6.25	12.50	28.12	0.0	9.38	0.0	0.0	3.12	0.0	0.0	28.12	3.12	0.0	0.0	9.38	3.12	18.75	3.12	0.0	6.25
JAKE	19	19.0	0.0	0.0	0.0	0.0	0.0	0.0	0.0	0.0	0.0	0.0	0.0	0.0	0.0	5.26	0.0	15.79	5.26	5.26	0.0	5.26	0.0	15.79	0.0	0.0	0.0	0.0	21.05	10.53	0.0	0.0	0.0	0.0	0.0	0.0	0.0	63.16	0.0	0.0	0.0	0.0	0.0	5.26	10.53	0.0	0.0	5.26	5.26	0.0	5.26	0.0	0.0	5.26	0.0	0.0	5.26	0.0	0.0	10.53	0.0	10.53	15.79	0.0	5.26	0.0	0.0	0.0	0.0	5.26	10.53	0.0	0.0	5.26	0.0	5.26	15.79	0.0	0.0	0.0
JAKE	17	17.0	0.0	0.0	0.0	0.0	0.0	0.0	0.0	0.0	0.0	0.0	0.0	0.0	0.0	17.65	5.88	11.76	0.0	0.0	0.0	11.76	0.0	5.88	0.0	0.0	0.0	0.0	5.88	11.76	0.0	0.0	5.88	0.0	0.0	0.0	0.0	64.71	0.0	0.0	0.0	0.0	0.0	11.76	0.0	0.0	0.0	0.0	0.0	0.0	0.0	5.88	0.0	0.0	0.0	0.0	11.76	0.0	0.0	17.65	11.76	0.0	17.65	0.0	17.65	0.0	0.0	0.0	0.0	5.88	5.88	5.88	0.0	0.0	0.0	5.88	11.76	0.0	5.88	0.0
JAKE	10	10.0	0.0	0.0	0.0	0.0	0.0	0.0	0.0	0.0	0.0	0.0	0.0	0.0	0.0	10.00	0.0	10.00	0.0	0.0	0.0	10.00	0.0	10.00	0.0	0.0	0.0	0.0	10.00	10.00	0.0	0.0	0.0	0.0	0.0	0.0	0.0	60.00	0.0	0.0	0.0	0.0	0.0	0.0	10.00	0.0	0.0	0.0	20.00	0.0	0.0	10.00	0.0	0.0	0.0	0.0	0.0	0.0	0.0	0.0	20.00	20.00	20.00	0.0	30.00	0.0	0.0	0.0	0.0	0.0	0.0	10.00	0.0	0.0	0.0	10.00	20.00	0.0	0.0	0.0
JAKE	11	11.0	0.0	0.0	0.0	0.0	0.0	0.0	0.0	0.0	0.0	0.0	0.0	0.0	0.0	27.27	0.0	9.09	18.18	0.0	0.0	0.0	0.0	18.18	0.0	0.0	9.09	0.0	36.36	27.27	0.0	0.0	0.0	0.0	0.0	0.0	9.09	63.64	0.0	0.0	0.0	0.0	0.0	9.09	18.18	0.0	0.0	9.09	18.18	0.0	0.0	0.0	0.0	0.0	0.0	0.0	9.09	0.0	18.18	9.09	0.0	9.09	27.27	0.0	0.0	0.0	0.0	0.0	0.0	0.0	9.09	0.0	0.0	0.0	0.0	0.0	18.18	0.0	9.09	0.0
GORDO	3	3.0	0.0	0.0	0.0	0.0	0.0	0.0	0.0	0.0	0.0	0.0	0.0	0.0	0.0	0.0	0.0	33.33	33.33	33.33	0.0	0.0	0.0	0.0	33.33	33.33	0.0	0.0	0.0	0.0	0.0	0.0	0.0	0.0	0.0	0.0	0.0	33.33	0.0	0.0	0.0	0.0	0.0	0.0	0.0	0.0	0.0	0.0	0.0	0.0	0.0	0.0	0.0	33.33	0.0	0.0	0.0	0.0	0.0	0.0	0.0	0.0	0.0	0.0	0.0	0.0	0.0	0.0	0.0	0.0	0.0	0.0	33.33	0.0	0.0	0.0	0.0	0.0	0.0	0.0
LILY	8	8.0	0.0	0.0	0.0	0.0	0.0	0.0	0.0	0.0	0.0	0.0	0.0	0.0	0.0	0.0	0.0	25.00	0.0	0.0	0.0	0.0	0.0	0.0	0.0	0.0	0.0	12.50	37.50	12.50	0.0	0.0	12.50	0.0	0.0	0.0	0.0	75.00	0.0	0.0	0.0	0.0	0.0	0.0	12.50	0.0	0.0	0.0	12.50	0.0	0.0	0.0	0.0	0.0	0.0	0.0	0.0	0.0	0.0	25.00	12.50	0.0	37.50	0.0	12.50	0.0	0.0	0.0	0.0	12.50	25.00	0.0	0.0	0.0	0.0	0.0	0.0	12.50	0.0	0.0
LILY	4	4.0	0.0	0.0	0.0	0.0	0.0	0.0	0.0	0.0	0.0	0.0	0.0	0.0	0.0	0.0	0.0	0.0	25.00	0.0	0.0	0.0	0.0	0.0	0.0	0.0	0.0	0.0	0.0	0.0	0.0	0.0	0.0	0.0	0.0	0.0	0.0	25.00	0.0	0.0	0.0	0.0	0.0	0.0	0.0	0.0	0.0	0.0	25.00	25.00	0.0	0.0	0.0	0.0	0.0	0.0	0.0	0.0	25.00	0.0	0.0	25.00	25.00	0.0	0.0	25.00	0.0	0.0	0.0	0.0	0.0	0.0	0.0	0.0	0.0	0.0	25.00	0.0	0.0	0.0
JAKE	25	25.0	0.0	0.0	0.0	0.0	0.0	0.0	0.0	0.0	0.0	0.0	0.0	0.0	0.0	0.0	0.0	0.0	4.00	0.0	0.0	4.00	0.0	20.00	0.0	0.0	0.0	4.00	8.00	4.00	0.0	0.0	4.00	0.0	0.0	0.0	0.0	76.00	4.00	0.0	0.0	0.0	4.00	8.00	0.0	0.0	0.0	0.0	12.00	4.00	0.0	4.00	12.00	0.0	0.0	0.0	0.0	0.0	4.00	16.00	20.00	16.00	28.00	0.0	24.00	0.0	0.0	0.0	0.0	4.00	12.00	4.00	0.0	0.0	0.0	12.00	24.00	0.0	0.0	4.00
MILES	8	8.0	0.0	0.0	0.0	0.0	0.0	0.0	0.0	0.0	0.0	0.0	0.0	0.0	0.0	0.0	0.0	0.0	0.0	0.0	0.0	12.50	0.0	25.00	0.0	0.0	12.50	0.0	37.50	0.0	0.0	0.0	0.0	0.0	0.0	0.0	0.0	75.00	0.0	0.0	0.0	0.0	0.0	0.0	25.00	0.0	0.0	0.0	12.50	0.0	0.0	12.50	0.0	0.0	0.0	0.0	0.0	0.0	0.0	25.00	0.0	25.00	37.50	0.0	12.50	0.0	0.0	0.0	0.0	0.0	25.00	0.0	0.0	0.0	0.0	0.0	25.00	25.00	0.0	0.0
JAKE	33	33.0	0.0	0.0	0.0	0.0	0.0	0.0	0.0	0.0	0.0	0.0	0.0	0.0	0.0	6.06	0.0	12.12	3.03	3.03	0.0	6.06	0.0	15.15	3.03	0.0	0.0	0.0	15.15	3.03	0.0	0.0	0.0	0.0	0.0	0.0	0.0	75.76	0.0	0.0	0.0	0.0	0.0	12.12	12.12	0.0	0.0	0.0	9.09	0.0	3.03	9.09	6.06	3.03	0.0	0.0	3.03	0.0	0.0	18.18	12.12	21.21	27.27	3.03	30.30	0.0	0.0	0.0	3.03	0.0	6.06	12.12	3.03	0.0	0.0	9.09	24.24	3.03	0.0	3.03
GORDO	2	2.0	50.00	0.0	0.0	0.0	50.00	0.0	0.0	0.0	0.0	0.0	0.0	0.0	0.0	0.0	0.0	0.0	0.0	0.0	0.0	0.0	0.0	0.0	0.0	0.0	0.0	0.0	0.0	0.0	0.0	0.0	0.0	0.0	0.0	0.0	0.0	0.0	0.0	0.0	0.0	0.0	0.0	0.0	0.0	0.0	0.0	0.0	0.0	0.0	0.0	0.0	0.0	0.0	0.0	0.0	0.0	0.0	0.0	0.0	0.0	0.0	0.0	0.0	0.0	0.0	0.0	0.0	0.0	0.0	0.0	0.0	0.0	0.0	0.0	0.0	0.0	0.0	0.0	0.0
JAKE	41	41.0	0.0	0.0	0.0	0.0	0.0	0.0	0.0	0.0	0.0	0.0	0.0	0.0	0.0	4.88	0.0	4.88	12.20	2.44	2.44	2.44	0.0	9.76	2.44	2.44	0.0	4.88	24.39	7.32	0.0	0.0	4.88	0.0	0.0	0.0	0.0	65.85	0.0	0.0	0.0	0.0	2.44	2.44	4.88	0.0	2.44	0.0	17.07	0.0	2.44	7.32	4.88	7.32	0.0	0.0	0.0	0.0	4.88	14.63	9.76	14.63	31.71	7.32	24.39	0.0	0.0	0.0	0.0	0.0	17.07	7.32	2.44	9.76	0.0	9.76	14.63	4.88	0.0	7.32
LILY	12	12.0	0.0	0.0	0.0	0.0	0.0	0.0	0.0	0.0	0.0	0.0	0.0	0.0	0.0	8.33	0.0	16.67	0.0	0.0	0.0	0.0	0.0	33.33	0.0	0.0	0.0	0.0	8.33	0.0	0.0	0.0	0.0	0.0	0.0	0.0	0.0	100.00	0.0	0.0	0.0	0.0	0.0	0.0	8.33	0.0	0.0	0.0	41.67	0.0	0.0	0.0	0.0	0.0	0.0	0.0	0.0	0.0	0.0	16.67	8.33	33.33	58.33	0.0	8.33	0.0	0.0	0.0	0.0	0.0	25.00	0.0	0.0	0.0	0.0	8.33	33.33	8.33	0.0	8.33
GORDO	6	6.0	16.67	0.0	0.0	0.0	16.67	0.0	0.0	0.0	0.0	0.0	0.0	0.0	0.0	0.0	0.0	0.0	0.0	0.0	0.0	0.0	0.0	0.0	0.0	0.0	0.0	0.0	33.33	0.0	0.0	0.0	0.0	0.0	0.0	0.0	0.0	33.33	0.0	0.0	0.0	0.0	0.0	16.67	16.67	0.0	0.0	16.67	0.0	0.0	0.0	16.67	0.0	0.0	0.0	0.0	0.0	0.0	0.0	16.67	16.67	33.33	16.67	0.0	33.33	0.0	0.0	0.0	0.0	0.0	0.0	16.67	0.0	0.0	0.0	0.0	33.33	0.0	0.0	0.0
JAKE	31	31.0	0.0	0.0	0.0	0.0	0.0	0.0	0.0	0.0	0.0	0.0	0.0	0.0	0.0	3.23	0.0	3.23	3.23	0.0	0.0	6.45	0.0	9.68	0.0	0.0	0.0	0.0	16.13	3.23	0.0	0.0	3.23	0.0	0.0	0.0	0.0	74.19	0.0	0.0	0.0	0.0	3.23	3.23	6.45	0.0	3.23	3.23	6.45	0.0	0.0	0.0	12.90	0.0	0.0	0.0	3.23	0.0	3.23	16.13	16.13	6.45	22.58	3.23	9.68	0.0	0.0	0.0	0.0	0.0	16.13	0.0	0.0	0.0	0.0	9.68	12.90	0.0	3.23	12.90
MILES	1	1.0	0.0	0.0	0.0	0.0	0.0	0.0	0.0	0.0	0.0	0.0	0.0	0.0	0.0	100.00	0.0	0.0	0.0	0.0	0.0	0.0	0.0	0.0	0.0	0.0	0.0	0.0	0.0	0.0	0.0	0.0	0.0	0.0	0.0	0.0	0.0	0.0	0.0	0.0	0.0	0.0	0.0	0.0	0.0	0.0	0.0	0.0	0.0	0.0	0.0	0.0	0.0	0.0	0.0	0.0	0.0	0.0	0.0	0.0	0.0	0.0	0.0	0.0	0.0	0.0	0.0	0.0	0.0	0.0	0.0	0.0	0.0	0.0	0.0	0.0	0.0	0.0	0.0	0.0
JAKE	14	14.0	0.0	0.0	0.0	0.0	0.0	0.0	0.0	0.0	0.0	0.0	0.0	0.0	0.0	21.43	0.0	14.29	0.0	0.0	0.0	0.0	0.0	14.29	0.0	0.0	0.0	0.0	14.29	0.0	0.0	0.0	0.0	0.0	0.0	0.0	0.0	57.14	0.0	0.0	0.0	0.0	0.0	0.0	0.0	0.0	0.0	14.29	7.14	0.0	0.0	0.0	0.0	0.0	0.0	0.0	7.14	7.14	0.0	21.43	0.0	14.29	28.57	0.0	7.14	0.0	0.0	7.14	0.0	7.14	21.43	0.0	0.0	0.0	0.0	0.0	21.43	0.0	0.0	14.29
LILY	7	7.0	0.0	0.0	0.0	0.0	0.0	0.0	0.0	0.0	0.0	0.0	0.0	0.0	0.0	14.29	0.0	14.29	0.0	0.0	0.0	14.29	0.0	14.29	14.29	14.29	0.0	0.0	14.29	0.0	0.0	0.0	0.0	0.0	0.0	0.0	0.0	57.14	0.0	0.0	0.0	0.0	0.0	0.0	0.0	0.0	0.0	0.0	0.0	0.0	0.0	0.0	0.0	0.0	0.0	0.0	0.0	0.0	0.0	14.29	0.0	14.29	14.29	0.0	14.29	0.0	0.0	0.0	14.29	0.0	14.29	0.0	14.29	14.29	0.0	14.29	14.29	0.0	0.0	14.29
JAKE	28	28.0	0.0	0.0	0.0	0.0	0.0	0.0	0.0	0.0	0.0	0.0	0.0	0.0	0.0	7.14	3.57	0.0	7.14	3.57	0.0	3.57	0.0	10.71	3.57	0.0	3.57	0.0	32.14	3.57	0.0	0.0	3.57	0.0	0.0	0.0	3.57	57.14	0.0	0.0	0.0	0.0	0.0	3.57	10.71	0.0	0.0	7.14	7.14	0.0	0.0	0.0	7.14	3.57	0.0	3.57	10.71	3.57	3.57	14.29	7.14	14.29	21.43	7.14	3.57	0.0	0.0	0.0	3.57	0.0	17.86	0.0	3.57	7.14	0.0	3.57	25.00	3.57	3.57	7.14
LILY	5	5.0	0.0	0.0	0.0	0.0	0.0	0.0	0.0	0.0	0.0	0.0	0.0	0.0	0.0	40.00	20.00	0.0	0.0	0.0	0.0	20.00	0.0	0.0	0.0	0.0	0.0	0.0	0.0	0.0	0.0	0.0	0.0	0.0	0.0	0.0	0.0	40.00	0.0	0.0	0.0	0.0	0.0	0.0	0.0	0.0	0.0	0.0	20.00	0.0	0.0	0.0	0.0	0.0	0.0	0.0	0.0	0.0	0.0	0.0	0.0	0.0	20.00	0.0	20.00	0.0	0.0	0.0	0.0	0.0	20.00	20.00	0.0	0.0	0.0	0.0	0.0	0.0	20.00	0.0
JAKE	63	63.0	1.59	0.0	0.0	0.0	1.59	0.0	0.0	0.0	0.0	0.0	0.0	0.0	0.0	7.94	1.59	4.76	4.76	3.17	0.0	4.76	0.0	12.70	0.0	0.0	0.0	0.0	15.87	4.76	1.59	1.59	6.35	0.0	1.59	0.0	0.0	69.84	1.59	0.0	0.0	1.59	3.17	6.35	4.76	0.0	0.0	1.59	11.11	0.0	0.0	3.17	7.94	3.17	0.0	3.17	1.59	3.17	1.59	19.05	7.94	15.87	30.16	1.59	7.94	0.0	0.0	1.59	0.0	3.17	20.63	4.76	0.0	1.59	0.0	0.0	19.05	0.0	0.0	9.52
LILY	2	2.0	0.0	0.0	0.0	0.0	0.0	0.0	0.0	0.0	0.0	0.0	0.0	0.0	0.0	0.0	0.0	50.00	0.0	0.0	0.0	0.0	0.0	0.0	0.0	0.0	0.0	0.0	0.0	0.0	0.0	0.0	0.0	0.0	0.0	0.0	0.0	100.00	0.0	0.0	0.0	0.0	0.0	0.0	0.0	0.0	0.0	0.0	50.00	0.0	0.0	0.0	0.0	0.0	0.0	0.0	0.0	0.0	0.0	0.0	50.00	0.0	50.00	0.0	0.0	0.0	0.0	0.0	0.0	0.0	0.0	0.0	0.0	0.0	0.0	0.0	0.0	0.0	0.0	0.0
JAKE	3	3.0	0.0	0.0	0.0	0.0	0.0	0.0	0.0	0.0	0.0	0.0	0.0	0.0	0.0	0.0	0.0	33.33	0.0	0.0	0.0	0.0	0.0	0.0	0.0	0.0	0.0	0.0	0.0	0.0	0.0	0.0	0.0	0.0	0.0	0.0	0.0	100.00	0.0	0.0	0.0	0.0	0.0	0.0	0.0	0.0	0.0	0.0	66.67	0.0	0.0	0.0	0.0	0.0	0.0	0.0	0.0	0.0	0.0	0.0	33.33	0.0	66.67	0.0	0.0	0.0	0.0	0.0	0.0	0.0	0.0	0.0	0.0	0.0	0.0	0.0	0.0	0.0	0.0	0.0
LILY	4	4.0	0.0	0.0	0.0	0.0	0.0	0.0	0.0	0.0	0.0	0.0	0.0	0.0	0.0	0.0	0.0	25.00	0.0	0.0	0.0	25.00	0.0	0.0	0.0	0.0	0.0	0.0	0.0	0.0	0.0	0.0	0.0	0.0	0.0	0.0	0.0	75.00	0.0	0.0	0.0	0.0	0.0	0.0	0.0	0.0	0.0	0.0	25.00	0.0	25.00	0.0	0.0	0.0	0.0	0.0	0.0	0.0	0.0	0.0	25.00	0.0	25.00	0.0	0.0	0.0	0.0	0.0	0.0	0.0	0.0	0.0	0.0	0.0	0.0	0.0	0.0	0.0	0.0	0.0
JAKE	25	25.0	0.0	0.0	0.0	0.0	0.0	0.0	0.0	0.0	0.0	0.0	0.0	0.0	0.0	12.00	0.0	12.00	4.00	4.00	0.0	8.00	0.0	12.00	8.00	4.00	0.0	4.00	12.00	4.00	0.0	8.00	0.0	0.0	4.00	0.0	0.0	68.00	0.0	4.00	0.0	0.0	0.0	0.0	0.0	0.0	0.0	0.0	20.00	0.0	4.00	0.0	0.0	4.00	0.0	0.0	4.00	4.00	0.0	12.00	8.00	20.00	32.00	4.00	4.00	0.0	0.0	0.0	4.00	0.0	16.00	4.00	4.00	0.0	0.0	0.0	24.00	0.0	0.0	12.00
LILY	5	5.0	0.0	0.0	0.0	0.0	0.0	0.0	0.0	0.0	0.0	0.0	0.0	0.0	0.0	0.0	0.0	0.0	20.00	20.00	0.0	0.0	0.0	0.0	0.0	0.0	0.0	0.0	20.00	0.0	0.0	20.00	0.0	0.0	0.0	0.0	0.0	60.00	0.0	0.0	0.0	0.0	0.0	40.00	0.0	0.0	0.0	0.0	0.0	0.0	0.0	0.0	20.00	20.00	0.0	0.0	0.0	0.0	0.0	40.00	0.0	20.00	40.00	0.0	0.0	0.0	0.0	0.0	0.0	0.0	0.0	0.0	0.0	0.0	0.0	0.0	20.00	0.0	0.0	0.0
JAKE	23	23.0	0.0	0.0	0.0	0.0	0.0	0.0	0.0	0.0	0.0	0.0	0.0	0.0	0.0	0.0	0.0	8.70	4.35	4.35	0.0	4.35	0.0	8.70	4.35	4.35	0.0	0.0	4.35	8.70	0.0	0.0	0.0	0.0	0.0	0.0	0.0	65.22	0.0	0.0	4.35	0.0	0.0	8.70	4.35	0.0	0.0	0.0	4.35	0.0	0.0	4.35	4.35	4.35	0.0	8.70	0.0	4.35	0.0	13.04	13.04	13.04	17.39	0.0	17.39	0.0	0.0	0.0	0.0	0.0	8.70	4.35	0.0	0.0	0.0	8.70	13.04	0.0	0.0	4.35
LILY	3	3.0	0.0	0.0	0.0	0.0	0.0	0.0	0.0	0.0	0.0	0.0	0.0	0.0	0.0	33.33	0.0	0.0	33.33	33.33	0.0	33.33	0.0	33.33	0.0	0.0	0.0	0.0	0.0	0.0	0.0	0.0	0.0	0.0	0.0	0.0	0.0	100.00	0.0	0.0	0.0	0.0	0.0	0.0	0.0	0.0	0.0	0.0	0.0	0.0	0.0	0.0	0.0	33.33	0.0	0.0	0.0	0.0	0.0	66.67	0.0	33.33	66.67	0.0	0.0	0.0	0.0	0.0	0.0	0.0	66.67	0.0	33.33	0.0	0.0	0.0	33.33	0.0	0.0	66.67
GORDO	3	3.0	0.0	0.0	0.0	0.0	0.0	0.0	0.0	0.0	0.0	0.0	0.0	0.0	0.0	0.0	0.0	33.33	0.0	0.0	0.0	0.0	0.0	33.33	0.0	0.0	0.0	0.0	0.0	33.33	0.0	0.0	0.0	0.0	0.0	0.0	0.0	133.33	0.0	0.0	0.0	0.0	0.0	0.0	0.0	0.0	0.0	0.0	100.00	0.0	0.0	0.0	0.0	0.0	0.0	0.0	0.0	0.0	0.0	0.0	0.0	33.33	100.00	0.0	0.0	0.0	0.0	0.0	0.0	0.0	0.0	0.0	0.0	0.0	0.0	0.0	33.33	0.0	0.0	0.0
JAKE	2	2.0	0.0	0.0	0.0	0.0	0.0	0.0	0.0	0.0	0.0	0.0	0.0	0.0	0.0	0.0	0.0	0.0	0.0	0.0	0.0	0.0	0.0	50.00	0.0	0.0	0.0	0.0	0.0	0.0	0.0	0.0	0.0	0.0	0.0	0.0	0.0	150.00	0.0	0.0	0.0	0.0	0.0	0.0	0.0	0.0	0.0	0.0	150.00	0.0	0.0	0.0	0.0	0.0	0.0	0.0	0.0	0.0	0.0	0.0	0.0	50.00	150.00	0.0	0.0	0.0	0.0	0.0	0.0	0.0	0.0	0.0	0.0	0.0	0.0	0.0	50.00	0.0	0.0	0.0
LUPUS	5	5.0	0.0	0.0	0.0	0.0	0.0	0.0	0.0	0.0	0.0	0.0	0.0	0.0	0.0	0.0	20.00	0.0	0.0	0.0	0.0	0.0	0.0	40.00	0.0	0.0	0.0	0.0	0.0	0.0	0.0	0.0	0.0	0.0	0.0	0.0	0.0	40.00	20.00	0.0	0.0	0.0	0.0	0.0	0.0	0.0	0.0	0.0	20.00	0.0	0.0	0.0	20.00	0.0	0.0	0.0	0.0	0.0	0.0	0.0	0.0	20.00	20.00	0.0	0.0	0.0	0.0	0.0	0.0	0.0	0.0	0.0	0.0	0.0	0.0	0.0	40.00	0.0	0.0	0.0
JAKE	13	13.0	0.0	0.0	0.0	0.0	0.0	0.0	0.0	0.0	0.0	0.0	0.0	0.0	0.0	7.69	0.0	7.69	7.69	0.0	7.69	0.0	0.0	23.08	0.0	0.0	7.69	0.0	23.08	0.0	0.0	0.0	0.0	0.0	0.0	0.0	0.0	69.23	7.69	0.0	0.0	0.0	0.0	15.38	15.38	0.0	0.0	0.0	0.0	0.0	0.0	0.0	15.38	7.69	0.0	0.0	0.0	0.0	0.0	30.77	15.38	15.38	30.77	0.0	23.08	0.0	0.0	0.0	0.0	0.0	15.38	15.38	0.0	0.0	0.0	7.69	23.08	7.69	7.69	7.69
LUPUS	30	30.0	0.0	0.0	0.0	0.0	0.0	0.0	0.0	0.0	0.0	0.0	0.0	0.0	0.0	10.00	3.33	0.0	6.67	3.33	0.0	6.67	0.0	23.33	0.0	0.0	0.0	3.33	13.33	3.33	0.0	3.33	3.33	0.0	0.0	0.0	0.0	66.67	3.33	0.0	3.33	0.0	3.33	13.33	3.33	0.0	0.0	3.33	13.33	0.0	0.0	0.0	3.33	3.33	0.0	0.0	3.33	6.67	3.33	26.67	3.33	30.00	40.00	0.0	0.0	0.0	0.0	3.33	0.0	10.00	23.33	0.0	0.0	3.33	0.0	0.0	36.67	0.0	0.0	3.33
JAKE	5	5.0	0.0	0.0	0.0	0.0	0.0	0.0	0.0	0.0	0.0	0.0	0.0	0.0	0.0	0.0	0.0	0.0	0.0	0.0	0.0	0.0	0.0	20.00	0.0	0.0	0.0	0.0	20.00	0.0	0.0	0.0	0.0	0.0	0.0	0.0	0.0	120.00	0.0	0.0	0.0	0.0	0.0	0.0	20.00	0.0	0.0	0.0	20.00	0.0	0.0	0.0	0.0	0.0	0.0	0.0	0.0	0.0	0.0	40.00	20.00	20.00	60.00	20.00	20.00	0.0	0.0	0.0	0.0	0.0	40.00	20.00	0.0	0.0	40.00	0.0	20.00	0.0	0.0	0.0
LUPUS	47	47.0	0.0	2.13	0.0	0.0	0.0	0.0	0.0	0.0	0.0	0.0	0.0	0.0	0.0	10.64	2.13	4.26	4.26	2.13	2.13	12.77	0.0	0.0	2.13	2.13	0.0	2.13	12.77	2.13	0.0	0.0	4.26	0.0	0.0	0.0	0.0	48.94	0.0	0.0	0.0	2.13	2.13	2.13	4.26	0.0	0.0	0.0	4.26	0.0	2.13	2.13	2.13	4.26	0.0	2.13	0.0	2.13	0.0	4.26	17.02	4.26	8.51	4.26	12.77	0.0	0.0	2.13	0.0	2.13	4.26	8.51	2.13	4.26	0.0	2.13	4.26	0.0	0.0	0.0
JAKE	4	4.0	0.0	0.0	0.0	0.0	0.0	0.0	0.0	0.0	0.0	0.0	0.0	0.0	0.0	25.00	0.0	0.0	25.00	25.00	0.0	0.0	0.0	0.0	75.00	25.00	0.0	0.0	0.0	0.0	0.0	0.0	0.0	0.0	0.0	0.0	0.0	25.00	0.0	25.00	0.0	0.0	0.0	25.00	0.0	0.0	0.0	0.0	0.0	0.0	0.0	0.0	0.0	25.00	0.0	0.0	0.0	0.0	0.0	25.00	0.0	0.0	25.00	0.0	0.0	0.0	0.0	0.0	25.00	0.0	0.0	0.0	25.00	0.0	0.0	0.0	0.0	0.0	0.0	0.0
LUPUS	39	39.0	0.0	0.0	0.0	0.0	0.0	0.0	0.0	0.0	0.0	0.0	0.0	0.0	0.0	10.26	2.56	5.13	5.13	2.56	0.0	5.13	0.0	17.95	5.13	5.13	0.0	0.0	10.26	5.13	0.0	2.56	2.56	0.0	0.0	0.0	2.56	66.67	0.0	2.56	0.0	0.0	7.69	0.0	0.0	2.56	2.56	2.56	15.38	0.0	2.56	0.0	7.69	2.56	0.0	0.0	7.69	0.0	0.0	15.38	7.69	15.38	30.77	0.0	5.13	0.0	0.0	0.0	0.0	12.82	30.77	5.13	2.56	0.0	0.0	0.0	25.64	0.0	2.56	2.56
JAKE	6	6.0	0.0	0.0	0.0	0.0	0.0	0.0	0.0	0.0	0.0	0.0	0.0	0.0	0.0	0.0	0.0	0.0	0.0	0.0	0.0	16.67	0.0	0.0	0.0	0.0	0.0	0.0	0.0	0.0	0.0	0.0	0.0	0.0	0.0	0.0	0.0	33.33	0.0	0.0	0.0	0.0	0.0	0.0	0.0	0.0	0.0	0.0	0.0	0.0	0.0	0.0	0.0	0.0	0.0	0.0	0.0	0.0	0.0	16.67	0.0	16.67	16.67	0.0	33.33	0.0	0.0	0.0	0.0	0.0	33.33	33.33	0.0	0.0	0.0	0.0	16.67	16.67	0.0	0.0
LUPUS	22	22.0	0.0	0.0	0.0	0.0	0.0	0.0	0.0	0.0	0.0	0.0	0.0	0.0	0.0	4.55	0.0	4.55	0.0	0.0	0.0	0.0	0.0	18.18	0.0	0.0	0.0	0.0	9.09	4.55	0.0	0.0	0.0	0.0	0.0	0.0	0.0	72.73	0.0	0.0	0.0	0.0	0.0	0.0	9.09	0.0	0.0	0.0	4.55	0.0	0.0	13.64	9.09	0.0	0.0	0.0	0.0	0.0	0.0	27.27	18.18	27.27	31.82	0.0	27.27	0.0	0.0	0.0	0.0	13.64	27.27	4.55	0.0	0.0	0.0	9.09	27.27	0.0	0.0	13.64
BUTCH	15	15.0	0.0	0.0	0.0	0.0	0.0	0.0	0.0	0.0	0.0	0.0	0.0	0.0	0.0	13.33	6.67	6.67	26.67	6.67	0.0	0.0	0.0	13.33	0.0	0.0	0.0	0.0	6.67	6.67	0.0	6.67	0.0	0.0	6.67	0.0	6.67	60.00	6.67	0.0	0.0	0.0	6.67	0.0	0.0	0.0	0.0	0.0	0.0	0.0	0.0	0.0	0.0	13.33	0.0	0.0	0.0	6.67	13.33	20.00	13.33	6.67	20.00	6.67	6.67	0.0	0.0	0.0	0.0	0.0	33.33	6.67	0.0	0.0	0.0	0.0	13.33	0.0	0.0	20.00
JAKE	6	6.0	0.0	0.0	0.0	0.0	0.0	0.0	0.0	0.0	0.0	0.0	0.0	0.0	0.0	0.0	0.0	0.0	0.0	0.0	0.0	0.0	0.0	33.33	0.0	0.0	0.0	0.0	0.0	0.0	0.0	0.0	0.0	0.0	0.0	0.0	0.0	100.00	0.0	0.0	0.0	0.0	0.0	16.67	0.0	0.0	0.0	0.0	16.67	0.0	0.0	0.0	0.0	0.0	0.0	0.0	16.67	0.0	0.0	33.33	16.67	0.0	50.00	0.0	0.0	0.0	0.0	0.0	0.0	0.0	16.67	0.0	0.0	0.0	16.67	0.0	33.33	0.0	0.0	0.0
BUTCH	27	27.0	0.0	0.0	0.0	0.0	0.0	0.0	0.0	0.0	0.0	0.0	0.0	0.0	0.0	14.81	14.81	0.0	18.52	0.0	3.70	0.0	0.0	14.81	3.70	3.70	0.0	3.70	18.52	3.70	0.0	0.0	3.70	0.0	0.0	0.0	0.0	55.56	0.0	0.0	0.0	0.0	0.0	0.0	0.0	0.0	3.70	3.70	7.41	0.0	0.0	0.0	7.41	11.11	0.0	0.0	18.52	0.0	7.41	25.93	3.70	3.70	33.33	0.0	0.0	0.0	7.41	0.0	0.0	0.0	33.33	0.0	0.0	3.70	0.0	0.0	25.93	0.0	0.0	25.93
JAKE	3	3.0	0.0	0.0	0.0	0.0	0.0	0.0	0.0	0.0	0.0	0.0	0.0	0.0	0.0	0.0	0.0	0.0	33.33	0.0	0.0	0.0	0.0	33.33	0.0	0.0	0.0	33.33	66.67	0.0	0.0	0.0	33.33	0.0	0.0	0.0	0.0	100.00	0.0	0.0	0.0	0.0	0.0	0.0	0.0	0.0	0.0	0.0	66.67	0.0	0.0	0.0	33.33	0.0	0.0	0.0	0.0	0.0	33.33	0.0	0.0	33.33	66.67	0.0	0.0	0.0	0.0	0.0	0.0	0.0	0.0	0.0	0.0	0.0	0.0	0.0	33.33	0.0	0.0	0.0
BUTCH	22	22.0	0.0	0.0	0.0	0.0	0.0	0.0	0.0	0.0	0.0	0.0	0.0	0.0	0.0	0.0	0.0	9.09	0.0	0.0	0.0	0.0	9.09	18.18	0.0	0.0	0.0	0.0	0.0	0.0	0.0	0.0	0.0	0.0	0.0	0.0	0.0	72.73	0.0	0.0	0.0	0.0	0.0	0.0	0.0	0.0	0.0	0.0	9.09	0.0	0.0	0.0	0.0	0.0	0.0	0.0	9.09	4.55	0.0	22.73	13.64	13.64	31.82	0.0	13.64	0.0	0.0	4.55	0.0	9.09	22.73	13.64	0.0	0.0	4.55	0.0	22.73	0.0	0.0	9.09
BUTCH	29	29.0	0.0	0.0	0.0	0.0	0.0	0.0	0.0	0.0	0.0	0.0	0.0	0.0	0.0	3.45	0.0	0.0	10.34	0.0	0.0	6.90	0.0	6.90	3.45	0.0	0.0	0.0	13.79	6.90	0.0	0.0	3.45	0.0	0.0	0.0	0.0	65.52	0.0	0.0	0.0	0.0	3.45	0.0	6.90	0.0	0.0	3.45	3.45	0.0	6.90	0.0	0.0	0.0	0.0	0.0	10.34	0.0	10.34	31.03	6.90	0.0	34.48	3.45	3.45	0.0	0.0	0.0	3.45	17.24	44.83	3.45	0.0	0.0	0.0	0.0	17.24	0.0	0.0	13.79
BUTCH	17	17.0	5.88	0.0	0.0	0.0	5.88	0.0	0.0	0.0	0.0	0.0	0.0	0.0	0.0	29.41	0.0	5.88	11.76	0.0	0.0	0.0	0.0	5.88	11.76	5.88	0.0	0.0	17.65	0.0	0.0	0.0	5.88	0.0	0.0	0.0	0.0	52.94	0.0	5.88	0.0	0.0	5.88	5.88	5.88	0.0	0.0	0.0	5.88	0.0	0.0	0.0	0.0	11.76	0.0	5.88	0.0	5.88	0.0	17.65	11.76	5.88	23.53	5.88	11.76	0.0	5.88	5.88	5.88	0.0	17.65	11.76	5.88	5.88	0.0	0.0	5.88	0.0	0.0	11.76
LUPUS	11	11.0	0.0	0.0	0.0	0.0	0.0	0.0	0.0	0.0	0.0	0.0	0.0	0.0	0.0	18.18	0.0	0.0	0.0	0.0	0.0	9.09	0.0	18.18	0.0	0.0	9.09	0.0	9.09	0.0	0.0	0.0	0.0	0.0	0.0	0.0	0.0	63.64	0.0	0.0	0.0	0.0	0.0	9.09	0.0	0.0	0.0	0.0	36.36	0.0	9.09	0.0	0.0	0.0	0.0	0.0	0.0	0.0	0.0	9.09	9.09	18.18	45.45	0.0	27.27	0.0	0.0	0.0	0.0	0.0	9.09	9.09	0.0	0.0	0.0	18.18	18.18	0.0	9.09	0.0
LUPUS	18	18.0	0.0	0.0	0.0	0.0	0.0	0.0	0.0	0.0	0.0	0.0	0.0	0.0	0.0	0.0	0.0	11.11	5.56	0.0	5.56	16.67	0.0	0.0	0.0	0.0	0.0	0.0	16.67	5.56	0.0	0.0	5.56	0.0	0.0	0.0	0.0	61.11	0.0	0.0	0.0	0.0	0.0	0.0	5.56	0.0	0.0	0.0	0.0	0.0	0.0	0.0	0.0	5.56	0.0	0.0	11.11	0.0	0.0	16.67	11.11	0.0	16.67	0.0	22.22	0.0	0.0	0.0	0.0	11.11	16.67	11.11	0.0	5.56	0.0	11.11	11.11	5.56	0.0	0.0
LUPUS	13	13.0	0.0	0.0	0.0	0.0	0.0	0.0	0.0	0.0	0.0	0.0	0.0	0.0	0.0	7.69	0.0	15.38	0.0	0.0	0.0	7.69	0.0	0.0	7.69	0.0	0.0	0.0	23.08	7.69	0.0	0.0	7.69	0.0	0.0	0.0	0.0	53.85	0.0	0.0	0.0	0.0	7.69	0.0	15.38	7.69	0.0	0.0	15.38	0.0	0.0	0.0	0.0	0.0	0.0	0.0	15.38	7.69	0.0	7.69	7.69	0.0	23.08	0.0	7.69	0.0	0.0	7.69	0.0	0.0	15.38	7.69	0.0	0.0	7.69	0.0	15.38	0.0	0.0	0.0
KING PIN	5	5.0	0.0	0.0	0.0	0.0	0.0	0.0	0.0	0.0	0.0	0.0	0.0	0.0	0.0	0.0	0.0	0.0	0.0	0.0	0.0	20.00	0.0	20.00	20.00	0.0	0.0	0.0	20.00	0.0	0.0	0.0	0.0	0.0	0.0	0.0	0.0	60.00	0.0	0.0	0.0	0.0	0.0	0.0	20.00	20.00	0.0	0.0	0.0	0.0	0.0	0.0	0.0	0.0	0.0	0.0	20.00	0.0	0.0	20.00	0.0	20.00	20.00	0.0	20.00	0.0	0.0	0.0	0.0	20.00	20.00	20.00	0.0	0.0	0.0	0.0	40.00	0.0	0.0	0.0
LUPUS	21	21.0	0.0	0.0	0.0	0.0	0.0	0.0	0.0	0.0	0.0	0.0	0.0	0.0	0.0	4.76	4.76	9.52	0.0	0.0	0.0	9.52	0.0	9.52	4.76	4.76	0.0	0.0	19.05	9.52	0.0	0.0	0.0	0.0	0.0	0.0	0.0	66.67	4.76	0.0	0.0	0.0	0.0	4.76	4.76	0.0	4.76	4.76	9.52	0.0	0.0	0.0	4.76	0.0	0.0	0.0	9.52	0.0	0.0	19.05	9.52	14.29	28.57	0.0	9.52	0.0	0.0	0.0	0.0	4.76	19.05	9.52	0.0	4.76	4.76	0.0	28.57	4.76	0.0	0.0
LUPUS	17	17.0	0.0	0.0	0.0	0.0	0.0	0.0	0.0	0.0	0.0	0.0	0.0	0.0	0.0	5.88	0.0	0.0	5.88	0.0	0.0	23.53	0.0	11.76	11.76	5.88	0.0	0.0	23.53	5.88	0.0	5.88	5.88	0.0	0.0	0.0	0.0	70.59	0.0	5.88	0.0	0.0	5.88	0.0	0.0	0.0	0.0	5.88	5.88	0.0	0.0	0.0	0.0	5.88	0.0	0.0	0.0	0.0	0.0	11.76	5.88	5.88	17.65	5.88	5.88	0.0	0.0	0.0	5.88	11.76	17.65	5.88	5.88	5.88	0.0	0.0	17.65	0.0	0.0	0.0
JAKE	10	10.0	0.0	0.0	0.0	0.0	0.0	0.0	0.0	0.0	0.0	0.0	0.0	0.0	0.0	10.00	10.00	0.0	20.00	0.0	0.0	10.00	0.0	30.00	0.0	0.0	0.0	0.0	20.00	0.0	0.0	10.00	10.00	0.0	0.0	0.0	0.0	90.00	10.00	0.0	0.0	0.0	0.0	0.0	0.0	0.0	0.0	0.0	0.0	0.0	0.0	10.00	30.00	10.00	0.0	0.0	10.00	0.0	10.00	30.00	10.00	10.00	30.00	0.0	10.00	0.0	0.0	0.0	0.0	30.00	30.00	0.0	0.0	0.0	0.0	0.0	40.00	0.0	0.0	0.0
LUPUS	17	17.0	0.0	0.0	0.0	0.0	0.0	0.0	0.0	0.0	0.0	0.0	0.0	0.0	0.0	11.76	0.0	0.0	11.76	5.88	0.0	0.0	5.88	11.76	0.0	0.0	0.0	0.0	5.88	0.0	0.0	5.88	0.0	0.0	0.0	0.0	0.0	58.82	0.0	0.0	5.88	0.0	0.0	5.88	0.0	0.0	0.0	0.0	0.0	0.0	0.0	0.0	5.88	5.88	0.0	0.0	11.76	5.88	5.88	29.41	17.65	11.76	29.41	0.0	0.0	0.0	0.0	0.0	0.0	17.65	41.18	0.0	0.0	0.0	0.0	0.0	23.53	0.0	0.0	5.88
JAKE	7	7.0	0.0	0.0	0.0	0.0	0.0	0.0	0.0	0.0	0.0	0.0	0.0	0.0	0.0	14.29	0.0	0.0	14.29	0.0	0.0	0.0	42.86	0.0	0.0	0.0	0.0	0.0	14.29	0.0	0.0	0.0	0.0	0.0	0.0	0.0	0.0	14.29	0.0	0.0	0.0	0.0	0.0	14.29	0.0	0.0	0.0	14.29	0.0	0.0	0.0	0.0	0.0	0.0	28.57	0.0	0.0	0.0	14.29	14.29	0.0	14.29	14.29	0.0	0.0	0.0	0.0	0.0	0.0	0.0	0.0	0.0	0.0	0.0	0.0	0.0	14.29	0.0	0.0	0.0
LUPUS	3	3.0	0.0	0.0	0.0	0.0	0.0	0.0	0.0	0.0	0.0	0.0	0.0	0.0	0.0	0.0	0.0	0.0	0.0	0.0	0.0	0.0	0.0	0.0	0.0	0.0	0.0	0.0	0.0	0.0	0.0	0.0	0.0	0.0	0.0	0.0	0.0	66.67	0.0	0.0	33.33	0.0	0.0	0.0	0.0	0.0	0.0	0.0	33.33	0.0	0.0	0.0	0.0	0.0	0.0	0.0	0.0	33.33	0.0	33.33	0.0	0.0	66.67	0.0	0.0	0.0	0.0	0.0	0.0	33.33	66.67	0.0	0.0	0.0	0.0	0.0	0.0	0.0	0.0	0.0
JAKE	26	26.0	0.0	0.0	0.0	0.0	0.0	0.0	0.0	0.0	0.0	0.0	0.0	0.0	0.0	0.0	0.0	0.0	19.23	11.54	0.0	3.85	3.85	15.38	3.85	0.0	0.0	3.85	11.54	3.85	7.69	0.0	0.0	3.85	0.0	0.0	0.0	65.38	11.54	0.0	3.85	3.85	0.0	23.08	0.0	0.0	0.0	3.85	3.85	3.85	0.0	0.0	3.85	11.54	0.0	0.0	3.85	3.85	7.69	42.31	3.85	11.54	46.15	3.85	11.54	0.0	0.0	0.0	3.85	3.85	26.92	3.85	3.85	3.85	0.0	7.69	26.92	0.0	0.0	15.38
JAKE	2	2.0	0.0	0.0	0.0	0.0	0.0	0.0	0.0	0.0	0.0	0.0	0.0	0.0	0.0	0.0	0.0	0.0	50.00	50.00	0.0	0.0	0.0	0.0	50.00	50.00	0.0	0.0	0.0	0.0	0.0	0.0	0.0	0.0	0.0	0.0	0.0	0.0	0.0	0.0	0.0	0.0	0.0	0.0	0.0	0.0	0.0	0.0	0.0	0.0	0.0	0.0	0.0	50.00	0.0	0.0	0.0	0.0	0.0	0.0	0.0	0.0	0.0	0.0	0.0	0.0	0.0	0.0	0.0	0.0	0.0	0.0	50.00	0.0	0.0	0.0	0.0	0.0	0.0	0.0
JAKE	4	4.0	0.0	0.0	0.0	0.0	0.0	0.0	0.0	0.0	0.0	0.0	0.0	0.0	0.0	0.0	0.0	25.00	0.0	0.0	0.0	0.0	0.0	25.00	0.0	0.0	0.0	0.0	25.00	0.0	0.0	0.0	0.0	0.0	0.0	0.0	0.0	100.00	0.0	0.0	0.0	0.0	0.0	0.0	25.00	0.0	0.0	0.0	0.0	0.0	0.0	0.0	0.0	0.0	0.0	0.0	25.00	0.0	0.0	25.00	25.00	0.0	25.00	0.0	50.00	0.0	0.0	0.0	0.0	0.0	25.00	25.00	0.0	0.0	0.0	25.00	25.00	25.00	0.0	0.0
BUTCH	5	5.0	0.0	0.0	0.0	0.0	0.0	0.0	0.0	0.0	0.0	0.0	0.0	0.0	0.0	0.0	0.0	0.0	20.00	20.00	0.0	0.0	0.0	0.0	0.0	0.0	0.0	0.0	0.0	0.0	0.0	0.0	0.0	0.0	20.00	0.0	0.0	60.00	0.0	0.0	0.0	0.0	0.0	0.0	0.0	0.0	0.0	0.0	0.0	0.0	0.0	0.0	0.0	20.00	0.0	0.0	0.0	20.00	0.0	40.00	20.00	0.0	40.00	0.0	20.00	0.0	0.0	0.0	0.0	20.00	40.00	0.0	0.0	0.0	0.0	20.00	0.0	0.0	0.0	20.00
JAKE	2	2.0	0.0	0.0	0.0	0.0	0.0	0.0	0.0	0.0	0.0	0.0	0.0	0.0	0.0	0.0	0.0	0.0	0.0	0.0	0.0	0.0	0.0	0.0	0.0	0.0	0.0	0.0	0.0	0.0	0.0	0.0	0.0	0.0	0.0	0.0	0.0	50.00	0.0	0.0	0.0	0.0	0.0	0.0	0.0	0.0	0.0	0.0	0.0	0.0	0.0	50.00	0.0	0.0	0.0	0.0	50.00	0.0	0.0	50.00	0.0	0.0	50.00	0.0	50.00	0.0	0.0	0.0	0.0	50.00	50.00	0.0	0.0	0.0	0.0	0.0	50.00	0.0	0.0	0.0
LILY	9	9.0	0.0	0.0	0.0	0.0	0.0	0.0	0.0	0.0	0.0	0.0	0.0	0.0	0.0	11.11	0.0	0.0	11.11	11.11	0.0	11.11	0.0	11.11	0.0	0.0	0.0	0.0	11.11	0.0	0.0	0.0	0.0	0.0	0.0	0.0	0.0	55.56	0.0	0.0	0.0	0.0	0.0	22.22	0.0	0.0	0.0	0.0	0.0	0.0	0.0	11.11	0.0	11.11	0.0	0.0	11.11	0.0	0.0	33.33	0.0	0.0	33.33	0.0	11.11	0.0	0.0	0.0	0.0	0.0	33.33	0.0	11.11	0.0	0.0	0.0	22.22	0.0	0.0	11.11
HARLIN	1	1.0	0.0	0.0	0.0	0.0	0.0	0.0	0.0	0.0	0.0	0.0	0.0	0.0	0.0	0.0	0.0	0.0	0.0	0.0	0.0	0.0	0.0	0.0	0.0	0.0	0.0	0.0	0.0	0.0	0.0	0.0	0.0	0.0	0.0	0.0	0.0	0.0	0.0	0.0	0.0	0.0	0.0	0.0	0.0	0.0	0.0	0.0	0.0	0.0	0.0	0.0	0.0	0.0	0.0	0.0	0.0	0.0	0.0	0.0	0.0	0.0	0.0	0.0	0.0	0.0	0.0	0.0	0.0	0.0	0.0	0.0	0.0	0.0	0.0	0.0	0.0	0.0	0.0	0.0
HARLIN	3	3.0	0.0	0.0	0.0	0.0	0.0	0.0	0.0	0.0	0.0	0.0	0.0	0.0	0.0	0.0	0.0	0.0	0.0	0.0	0.0	0.0	0.0	0.0	0.0	0.0	0.0	0.0	0.0	0.0	0.0	0.0	0.0	0.0	0.0	0.0	0.0	33.33	0.0	0.0	0.0	0.0	0.0	33.33	0.0	0.0	0.0	0.0	0.0	0.0	0.0	33.33	0.0	0.0	0.0	0.0	33.33	0.0	0.0	33.33	0.0	0.0	33.33	0.0	33.33	0.0	0.0	0.0	0.0	0.0	33.33	0.0	0.0	0.0	0.0	0.0	33.33	0.0	0.0	0.0
LILY	10	10.0	0.0	0.0	0.0	0.0	0.0	0.0	0.0	0.0	0.0	0.0	0.0	0.0	0.0	0.0	0.0	10.00	0.0	0.0	0.0	10.00	0.0	0.0	0.0	0.0	0.0	0.0	30.00	0.0	0.0	0.0	10.00	0.0	0.0	0.0	0.0	60.00	0.0	0.0	0.0	10.00	0.0	10.00	10.00	0.0	10.00	0.0	0.0	0.0	0.0	0.0	0.0	0.0	0.0	0.0	10.00	0.0	0.0	10.00	30.00	0.0	10.00	0.0	20.00	0.0	0.0	0.0	0.0	0.0	0.0	20.00	0.0	0.0	0.0	0.0	10.00	0.0	0.0	0.0
LILY	2	2.0	0.0	0.0	0.0	0.0	0.0	0.0	0.0	0.0	0.0	0.0	0.0	0.0	0.0	0.0	0.0	0.0	0.0	0.0	0.0	0.0	0.0	0.0	0.0	0.0	0.0	0.0	50.00	0.0	0.0	0.0	0.0	0.0	0.0	0.0	0.0	50.00	0.0	0.0	0.0	0.0	0.0	0.0	0.0	0.0	50.00	0.0	0.0	0.0	0.0	0.0	0.0	0.0	0.0	0.0	0.0	0.0	0.0	0.0	50.00	0.0	0.0	0.0	50.00	0.0	0.0	0.0	0.0	0.0	0.0	50.00	0.0	0.0	0.0	0.0	0.0	0.0	0.0	0.0
HARLIN	10	10.0	0.0	0.0	0.0	0.0	0.0	0.0	0.0	0.0	0.0	0.0	0.0	0.0	0.0	0.0	10.00	0.0	0.0	0.0	0.0	20.00	0.0	20.00	0.0	0.0	0.0	0.0	30.00	0.0	0.0	10.00	0.0	0.0	0.0	0.0	0.0	70.00	10.00	0.0	0.0	0.0	0.0	0.0	10.00	0.0	0.0	0.0	0.0	0.0	0.0	0.0	0.0	0.0	0.0	0.0	0.0	0.0	0.0	10.00	20.00	10.00	10.00	0.0	0.0	0.0	0.0	0.0	0.0	0.0	20.00	0.0	0.0	0.0	0.0	0.0	20.00	0.0	0.0	10.00
LILY	3	3.0	0.0	0.0	0.0	0.0	0.0	0.0	0.0	0.0	0.0	0.0	0.0	0.0	0.0	0.0	0.0	33.33	0.0	0.0	0.0	0.0	0.0	0.0	0.0	0.0	0.0	0.0	0.0	0.0	0.0	0.0	0.0	0.0	0.0	0.0	0.0	33.33	0.0	0.0	0.0	0.0	0.0	0.0	0.0	0.0	0.0	0.0	0.0	0.0	0.0	0.0	0.0	0.0	33.33	0.0	0.0	0.0	0.0	0.0	0.0	0.0	0.0	0.0	66.67	0.0	0.0	0.0	0.0	0.0	0.0	33.33	0.0	0.0	0.0	33.33	0.0	0.0	0.0	0.0
HARLIN	6	6.0	0.0	0.0	0.0	0.0	0.0	0.0	0.0	0.0	0.0	0.0	0.0	0.0	0.0	16.67	0.0	0.0	16.67	0.0	0.0	16.67	0.0	16.67	0.0	0.0	0.0	0.0	16.67	0.0	0.0	0.0	0.0	0.0	0.0	0.0	0.0	50.00	0.0	0.0	0.0	0.0	0.0	16.67	0.0	0.0	16.67	0.0	0.0	0.0	0.0	16.67	0.0	0.0	0.0	0.0	0.0	0.0	16.67	16.67	0.0	16.67	16.67	0.0	16.67	0.0	0.0	0.0	0.0	0.0	0.0	0.0	0.0	0.0	0.0	0.0	16.67	0.0	0.0	0.0
HARLIN	5	5.0	20.00	0.0	0.0	0.0	20.00	0.0	0.0	0.0	0.0	0.0	0.0	0.0	0.0	20.00	0.0	0.0	0.0	0.0	0.0	20.00	0.0	0.0	0.0	0.0	0.0	0.0	0.0	0.0	0.0	0.0	0.0	0.0	0.0	0.0	0.0	60.00	0.0	0.0	0.0	0.0	0.0	20.00	0.0	0.0	0.0	0.0	0.0	0.0	0.0	0.0	0.0	0.0	0.0	0.0	0.0	0.0	0.0	20.00	20.00	0.0	20.00	0.0	0.0	0.0	0.0	0.0	0.0	0.0	20.00	0.0	0.0	0.0	0.0	0.0	0.0	0.0	0.0	0.0
LILY	1	1.0	0.0	0.0	0.0	0.0	0.0	0.0	0.0	0.0	0.0	0.0	0.0	0.0	0.0	0.0	0.0	0.0	0.0	0.0	0.0	0.0	0.0	0.0	0.0	0.0	0.0	0.0	0.0	0.0	0.0	0.0	0.0	0.0	0.0	0.0	0.0	100.00	0.0	0.0	0.0	0.0	0.0	0.0	0.0	0.0	0.0	0.0	100.00	0.0	0.0	0.0	0.0	0.0	0.0	0.0	0.0	0.0	0.0	0.0	0.0	0.0	100.00	0.0	0.0	0.0	0.0	0.0	0.0	0.0	0.0	0.0	0.0	0.0	0.0	0.0	0.0	0.0	0.0	0.0
HARLIN	6	6.0	16.67	0.0	0.0	0.0	16.67	0.0	0.0	0.0	0.0	0.0	0.0	0.0	0.0	16.67	0.0	0.0	0.0	0.0	0.0	0.0	0.0	0.0	0.0	0.0	0.0	0.0	0.0	0.0	0.0	0.0	0.0	0.0	0.0	0.0	0.0	50.00	0.0	0.0	16.67	0.0	0.0	33.33	0.0	0.0	0.0	0.0	0.0	0.0	0.0	0.0	0.0	0.0	0.0	0.0	16.67	16.67	0.0	33.33	16.67	0.0	33.33	0.0	0.0	0.0	0.0	0.0	0.0	0.0	33.33	0.0	0.0	0.0	0.0	0.0	16.67	0.0	0.0	0.0
HARLIN	9	9.0	22.22	0.0	0.0	0.0	22.22	0.0	0.0	0.0	0.0	0.0	0.0	0.0	0.0	11.11	0.0	0.0	0.0	0.0	0.0	11.11	0.0	0.0	0.0	0.0	0.0	0.0	0.0	0.0	0.0	0.0	0.0	0.0	0.0	0.0	0.0	44.44	0.0	0.0	11.11	11.11	0.0	22.22	0.0	0.0	0.0	0.0	0.0	0.0	0.0	0.0	0.0	0.0	0.0	0.0	11.11	11.11	0.0	22.22	11.11	0.0	22.22	0.0	0.0	0.0	0.0	0.0	0.0	0.0	22.22	0.0	0.0	0.0	0.0	0.0	11.11	0.0	0.0	0.0
LILY	2	2.0	0.0	0.0	0.0	0.0	0.0	0.0	0.0	0.0	0.0	0.0	0.0	0.0	0.0	50.00	0.0	0.0	50.00	0.0	0.0	0.0	0.0	0.0	0.0	0.0	0.0	0.0	50.00	0.0	0.0	50.00	0.0	0.0	0.0	0.0	0.0	50.00	0.0	0.0	0.0	0.0	0.0	0.0	0.0	0.0	0.0	0.0	0.0	0.0	0.0	0.0	50.00	50.00	0.0	0.0	0.0	0.0	0.0	0.0	0.0	0.0	0.0	0.0	0.0	0.0	0.0	0.0	0.0	0.0	0.0	0.0	0.0	0.0	0.0	0.0	0.0	0.0	0.0	0.0
JAKE	4	4.0	0.0	0.0	0.0	0.0	0.0	0.0	0.0	0.0	0.0	0.0	0.0	0.0	0.0	0.0	0.0	0.0	25.00	0.0	0.0	0.0	0.0	25.00	0.0	0.0	0.0	0.0	25.00	0.0	0.0	0.0	0.0	0.0	0.0	0.0	0.0	50.00	0.0	0.0	0.0	0.0	0.0	25.00	0.0	0.0	0.0	25.00	0.0	0.0	0.0	0.0	25.00	25.00	0.0	0.0	25.00	0.0	0.0	25.00	0.0	25.00	25.00	0.0	0.0	0.0	0.0	0.0	0.0	0.0	0.0	0.0	0.0	0.0	0.0	0.0	50.00	0.0	0.0	0.0
LILY	9	9.0	0.0	0.0	0.0	0.0	0.0	0.0	0.0	0.0	0.0	0.0	0.0	0.0	0.0	0.0	0.0	0.0	11.11	0.0	0.0	0.0	0.0	33.33	0.0	0.0	0.0	0.0	11.11	0.0	0.0	11.11	0.0	0.0	0.0	0.0	11.11	66.67	11.11	0.0	0.0	0.0	0.0	0.0	0.0	0.0	0.0	0.0	11.11	0.0	0.0	0.0	0.0	0.0	0.0	0.0	11.11	0.0	11.11	22.22	0.0	11.11	33.33	0.0	11.11	0.0	0.0	0.0	0.0	0.0	33.33	11.11	0.0	0.0	0.0	0.0	33.33	0.0	0.0	22.22
BUTCH	5	5.0	0.0	0.0	0.0	0.0	0.0	0.0	0.0	0.0	0.0	0.0	0.0	0.0	0.0	60.00	0.0	0.0	0.0	0.0	0.0	0.0	0.0	0.0	0.0	0.0	0.0	0.0	0.0	0.0	0.0	0.0	0.0	0.0	0.0	0.0	0.0	20.00	0.0	0.0	0.0	0.0	0.0	0.0	0.0	0.0	0.0	0.0	20.00	0.0	0.0	0.0	0.0	0.0	0.0	0.0	20.00	0.0	0.0	0.0	0.0	0.0	20.00	0.0	20.00	0.0	0.0	0.0	0.0	0.0	0.0	0.0	0.0	0.0	0.0	20.00	20.00	0.0	0.0	0.0
JAKE	4	4.0	0.0	0.0	0.0	0.0	0.0	0.0	0.0	0.0	0.0	0.0	0.0	0.0	0.0	25.00	0.0	0.0	25.00	0.0	0.0	0.0	0.0	0.0	0.0	0.0	0.0	0.0	0.0	0.0	0.0	0.0	0.0	0.0	0.0	0.0	0.0	25.00	0.0	0.0	0.0	0.0	0.0	0.0	0.0	0.0	0.0	0.0	0.0	0.0	0.0	0.0	0.0	0.0	0.0	0.0	25.00	0.0	25.00	0.0	25.00	0.0	0.0	0.0	75.00	0.0	0.0	0.0	0.0	0.0	0.0	25.00	0.0	0.0	0.0	50.00	25.00	0.0	0.0	0.0
JAKE	23	23.0	0.0	0.0	0.0	0.0	0.0	0.0	0.0	0.0	0.0	0.0	0.0	0.0	0.0	8.70	4.35	4.35	4.35	0.0	0.0	13.04	0.0	13.04	0.0	0.0	0.0	4.35	21.74	0.0	0.0	0.0	4.35	0.0	0.0	0.0	0.0	60.87	0.0	0.0	0.0	0.0	0.0	0.0	4.35	0.0	8.70	0.0	0.0	0.0	0.0	4.35	0.0	0.0	0.0	0.0	8.70	0.0	4.35	8.70	21.74	0.0	8.70	0.0	13.04	0.0	0.0	0.0	0.0	0.0	13.04	4.35	0.0	0.0	0.0	4.35	13.04	8.70	4.35	0.0
JAKE	40	40.0	0.0	0.0	0.0	0.0	0.0	0.0	0.0	0.0	0.0	0.0	0.0	0.0	0.0	10.00	0.0	5.00	2.50	2.50	0.0	7.50	0.0	7.50	0.0	0.0	0.0	0.0	15.00	7.50	0.0	5.00	0.0	0.0	0.0	0.0	0.0	65.00	0.0	0.0	0.0	0.0	0.0	7.50	7.50	0.0	2.50	0.0	2.50	0.0	0.0	2.50	0.0	2.50	0.0	0.0	7.50	0.0	0.0	12.50	22.50	5.00	15.00	0.0	22.50	0.0	0.0	0.0	0.0	0.0	7.50	15.00	0.0	0.0	2.50	0.0	15.00	2.50	0.0	0.0
JAKE	14	14.0	0.0	0.0	0.0	0.0	0.0	0.0	0.0	0.0	0.0	0.0	0.0	0.0	0.0	0.0	0.0	7.14	0.0	0.0	0.0	0.0	0.0	0.0	0.0	0.0	0.0	0.0	21.43	21.43	0.0	0.0	0.0	0.0	0.0	0.0	0.0	57.14	0.0	0.0	0.0	0.0	0.0	14.29	7.14	0.0	14.29	0.0	0.0	0.0	0.0	0.0	0.0	0.0	0.0	0.0	14.29	0.0	0.0	21.43	14.29	0.0	21.43	0.0	14.29	0.0	0.0	0.0	0.0	0.0	21.43	7.14	0.0	0.0	7.14	7.14	14.29	0.0	0.0	0.0
MILES	15	15.0	0.0	0.0	0.0	0.0	0.0	0.0	0.0	0.0	0.0	0.0	0.0	0.0	0.0	13.33	0.0	13.33	6.67	0.0	0.0	13.33	0.0	20.00	0.0	0.0	0.0	0.0	6.67	0.0	0.0	6.67	0.0	0.0	0.0	0.0	0.0	60.00	6.67	0.0	0.0	0.0	6.67	0.0	0.0	0.0	0.0	0.0	0.0	0.0	0.0	0.0	0.0	0.0	0.0	0.0	0.0	0.0	6.67	6.67	13.33	6.67	6.67	0.0	20.00	0.0	0.0	0.0	0.0	6.67	13.33	13.33	0.0	0.0	0.0	6.67	20.00	0.0	0.0	0.0
JAKE	24	24.0	4.17	0.0	0.0	0.0	4.17	0.0	0.0	0.0	0.0	0.0	0.0	0.0	0.0	12.50	0.0	4.17	12.50	4.17	0.0	8.33	0.0	4.17	4.17	4.17	0.0	4.17	20.83	0.0	0.0	0.0	0.0	0.0	4.17	0.0	0.0	37.50	0.0	0.0	0.0	0.0	0.0	4.17	4.17	0.0	0.0	8.33	0.0	0.0	4.17	0.0	0.0	8.33	0.0	0.0	8.33	12.50	4.17	8.33	8.33	0.0	8.33	4.17	29.17	0.0	4.17	4.17	0.0	0.0	4.17	20.83	0.0	4.17	0.0	4.17	8.33	4.17	0.0	0.0
MILES	8	8.0	0.0	0.0	0.0	0.0	0.0	0.0	0.0	0.0	0.0	0.0	0.0	0.0	0.0	0.0	0.0	0.0	0.0	0.0	0.0	12.50	0.0	0.0	12.50	12.50	0.0	0.0	25.00	12.50	0.0	0.0	0.0	0.0	0.0	0.0	0.0	50.00	0.0	0.0	0.0	0.0	0.0	0.0	25.00	0.0	0.0	0.0	0.0	0.0	0.0	0.0	0.0	0.0	0.0	0.0	12.50	12.50	0.0	12.50	12.50	0.0	12.50	0.0	0.0	0.0	0.0	12.50	0.0	0.0	12.50	0.0	0.0	0.0	0.0	0.0	12.50	12.50	0.0	0.0
JAKE	8	8.0	0.0	0.0	0.0	0.0	0.0	0.0	0.0	0.0	0.0	0.0	0.0	0.0	0.0	0.0	0.0	0.0	0.0	0.0	0.0	12.50	0.0	0.0	12.50	12.50	0.0	0.0	25.00	12.50	0.0	0.0	0.0	0.0	0.0	0.0	0.0	50.00	0.0	0.0	0.0	0.0	0.0	0.0	25.00	0.0	0.0	0.0	0.0	0.0	0.0	0.0	0.0	0.0	0.0	0.0	12.50	12.50	0.0	12.50	12.50	0.0	12.50	0.0	0.0	0.0	0.0	12.50	0.0	0.0	12.50	0.0	0.0	0.0	0.0	0.0	12.50	12.50	0.0	0.0
MILES	2	2.0	0.0	0.0	0.0	0.0	0.0	0.0	0.0	0.0	0.0	0.0	0.0	0.0	0.0	50.00	0.0	0.0	0.0	0.0	0.0	0.0	0.0	0.0	0.0	0.0	0.0	0.0	0.0	0.0	0.0	0.0	0.0	0.0	0.0	0.0	0.0	0.0	0.0	0.0	0.0	0.0	0.0	0.0	0.0	0.0	0.0	0.0	0.0	0.0	0.0	0.0	0.0	0.0	0.0	0.0	0.0	0.0	0.0	0.0	0.0	0.0	0.0	0.0	0.0	0.0	0.0	0.0	0.0	0.0	0.0	0.0	0.0	0.0	0.0	0.0	0.0	0.0	0.0	0.0
JAKE	35	35.0	0.0	0.0	0.0	0.0	0.0	0.0	0.0	0.0	0.0	0.0	0.0	0.0	0.0	8.57	0.0	5.71	2.86	0.0	0.0	5.71	0.0	8.57	2.86	2.86	0.0	2.86	14.29	0.0	0.0	0.0	2.86	0.0	0.0	0.0	0.0	62.86	0.0	0.0	2.86	0.0	0.0	0.0	0.0	0.0	0.0	2.86	11.43	8.57	0.0	5.71	0.0	0.0	0.0	2.86	2.86	5.71	2.86	11.43	17.14	14.29	22.86	5.71	25.71	0.0	0.0	2.86	0.0	0.0	20.00	14.29	0.0	5.71	2.86	5.71	17.14	0.0	0.0	8.57
JAKE	15	15.0	0.0	0.0	0.0	0.0	0.0	0.0	0.0	0.0	0.0	0.0	0.0	0.0	0.0	6.67	6.67	0.0	6.67	0.0	0.0	6.67	0.0	13.33	0.0	0.0	0.0	0.0	13.33	0.0	0.0	0.0	0.0	0.0	0.0	0.0	0.0	66.67	0.0	0.0	0.0	0.0	0.0	0.0	6.67	0.0	0.0	0.0	13.33	6.67	0.0	0.0	0.0	0.0	0.0	0.0	0.0	6.67	6.67	6.67	20.00	13.33	20.00	6.67	6.67	0.0	0.0	6.67	0.0	0.0	6.67	6.67	0.0	0.0	0.0	0.0	20.00	0.0	0.0	6.67
ASHBY	9	9.0	11.11	0.0	0.0	0.0	11.11	0.0	0.0	0.0	0.0	0.0	0.0	0.0	0.0	11.11	0.0	0.0	0.0	0.0	0.0	0.0	11.11	11.11	0.0	0.0	0.0	0.0	0.0	0.0	0.0	0.0	0.0	0.0	0.0	0.0	0.0	33.33	0.0	0.0	0.0	0.0	0.0	0.0	0.0	0.0	0.0	0.0	22.22	0.0	0.0	11.11	0.0	0.0	22.22	0.0	0.0	0.0	0.0	0.0	11.11	11.11	22.22	0.0	22.22	0.0	0.0	0.0	0.0	0.0	0.0	11.11	0.0	0.0	0.0	0.0	11.11	0.0	0.0	0.0
ASHBY	1	1.0	0.0	0.0	0.0	0.0	0.0	0.0	0.0	0.0	0.0	0.0	0.0	0.0	0.0	0.0	0.0	100.00	0.0	0.0	0.0	0.0	0.0	0.0	0.0	0.0	0.0	0.0	0.0	0.0	0.0	0.0	0.0	0.0	0.0	0.0	0.0	100.00	0.0	0.0	0.0	0.0	0.0	0.0	0.0	0.0	0.0	0.0	0.0	0.0	0.0	0.0	0.0	0.0	0.0	0.0	0.0	0.0	0.0	0.0	0.0	0.0	0.0	0.0	100.00	0.0	0.0	0.0	0.0	0.0	0.0	0.0	0.0	0.0	0.0	100.00	0.0	0.0	0.0	0.0
JAKE	46	46.0	0.0	0.0	0.0	0.0	0.0	0.0	0.0	0.0	0.0	0.0	0.0	0.0	0.0	21.74	0.0	2.17	2.17	0.0	0.0	4.35	0.0	13.04	0.0	0.0	0.0	2.17	13.04	0.0	0.0	4.35	0.0	0.0	0.0	0.0	0.0	60.87	0.0	0.0	0.0	0.0	0.0	0.0	4.35	0.0	0.0	2.17	6.52	0.0	8.70	2.17	2.17	2.17	0.0	0.0	4.35	0.0	0.0	8.70	21.74	4.35	15.22	4.35	13.04	0.0	0.0	0.0	0.0	4.35	8.70	6.52	0.0	0.0	0.0	2.17	13.04	4.35	4.35	0.0
JAKE	1	1.0	0.0	0.0	0.0	0.0	0.0	0.0	0.0	0.0	0.0	0.0	0.0	0.0	0.0	0.0	0.0	0.0	0.0	0.0	0.0	0.0	0.0	0.0	0.0	0.0	0.0	0.0	0.0	0.0	0.0	0.0	0.0	0.0	0.0	0.0	0.0	0.0	0.0	0.0	0.0	0.0	0.0	0.0	0.0	0.0	0.0	0.0	0.0	0.0	0.0	100.00	0.0	0.0	0.0	0.0	0.0	0.0	0.0	0.0	0.0	100.00	0.0	0.0	100.00	0.0	0.0	0.0	0.0	0.0	0.0	0.0	0.0	0.0	0.0	0.0	100.00	0.0	0.0	0.0
JAKE	10	10.0	0.0	0.0	0.0	0.0	0.0	0.0	0.0	0.0	0.0	0.0	0.0	0.0	0.0	10.00	0.0	0.0	10.00	0.0	0.0	20.00	0.0	10.00	10.00	0.0	10.00	0.0	10.00	0.0	0.0	0.0	0.0	0.0	0.0	0.0	0.0	40.00	0.0	10.00	0.0	0.0	0.0	0.0	0.0	0.0	0.0	0.0	0.0	0.0	10.00	0.0	0.0	0.0	0.0	0.0	10.00	0.0	10.00	0.0	10.00	0.0	0.0	0.0	0.0	0.0	0.0	0.0	0.0	0.0	0.0	0.0	0.0	0.0	0.0	0.0	10.00	0.0	0.0	0.0
JAKE	4	4.0	0.0	0.0	0.0	0.0	0.0	0.0	0.0	0.0	0.0	0.0	0.0	0.0	0.0	0.0	0.0	0.0	0.0	0.0	0.0	25.00	0.0	0.0	0.0	0.0	0.0	0.0	0.0	0.0	0.0	0.0	0.0	0.0	0.0	0.0	0.0	50.00	0.0	0.0	0.0	0.0	0.0	0.0	0.0	0.0	0.0	0.0	0.0	0.0	25.00	0.0	0.0	0.0	0.0	0.0	0.0	0.0	0.0	25.00	0.0	0.0	25.00	0.0	0.0	0.0	0.0	0.0	0.0	0.0	25.00	0.0	0.0	0.0	25.00	0.0	0.0	0.0	25.00	0.0
JAKE	2	2.0	50.00	0.0	0.0	0.0	0.0	0.0	0.0	0.0	0.0	50.00	0.0	0.0	0.0	0.0	0.0	0.0	0.0	0.0	0.0	0.0	0.0	0.0	0.0	0.0	0.0	0.0	0.0	0.0	0.0	0.0	0.0	0.0	0.0	0.0	0.0	0.0	0.0	0.0	0.0	0.0	0.0	0.0	0.0	0.0	0.0	0.0	0.0	0.0	0.0	0.0	0.0	0.0	0.0	0.0	0.0	0.0	0.0	0.0	0.0	0.0	0.0	0.0	0.0	0.0	0.0	0.0	0.0	0.0	0.0	0.0	0.0	0.0	0.0	0.0	0.0	0.0	0.0	0.0
GORDO	3	3.0	0.0	0.0	0.0	0.0	0.0	0.0	0.0	0.0	0.0	0.0	0.0	0.0	0.0	0.0	33.33	0.0	0.0	0.0	0.0	0.0	0.0	0.0	0.0	0.0	0.0	0.0	33.33	33.33	0.0	0.0	0.0	0.0	0.0	0.0	0.0	100.00	0.0	0.0	0.0	0.0	0.0	0.0	33.33	0.0	0.0	0.0	0.0	0.0	0.0	0.0	0.0	0.0	0.0	66.67	0.0	0.0	0.0	0.0	0.0	0.0	0.0	0.0	33.33	0.0	0.0	0.0	0.0	0.0	0.0	0.0	0.0	0.0	0.0	33.33	0.0	0.0	0.0	0.0
JAKE	16	16.0	0.0	0.0	0.0	0.0	0.0	0.0	0.0	0.0	0.0	0.0	0.0	0.0	0.0	6.25	0.0	0.0	0.0	0.0	0.0	18.75	0.0	6.25	0.0	0.0	0.0	0.0	6.25	6.25	0.0	0.0	0.0	0.0	0.0	0.0	0.0	75.00	0.0	0.0	0.0	0.0	0.0	0.0	6.25	0.0	0.0	0.0	6.25	0.0	6.25	0.0	0.0	0.0	0.0	0.0	6.25	0.0	0.0	6.25	31.25	0.0	12.50	0.0	31.25	0.0	0.0	0.0	0.0	6.25	6.25	25.00	0.0	0.0	0.0	6.25	6.25	0.0	0.0	0.0
GORDO	5	5.0	0.0	0.0	0.0	0.0	0.0	0.0	0.0	0.0	0.0	0.0	0.0	0.0	0.0	0.0	0.0	0.0	20.00	0.0	0.0	0.0	0.0	20.00	0.0	0.0	0.0	0.0	0.0	0.0	0.0	0.0	0.0	0.0	0.0	0.0	0.0	60.00	0.0	0.0	0.0	0.0	0.0	40.00	0.0	0.0	0.0	0.0	20.00	0.0	20.00	0.0	0.0	0.0	0.0	0.0	0.0	0.0	20.00	40.00	0.0	0.0	60.00	0.0	0.0	0.0	0.0	0.0	0.0	0.0	0.0	0.0	0.0	0.0	0.0	0.0	20.00	0.0	0.0	0.0
GORDO	15	15.0	0.0	0.0	0.0	0.0	0.0	0.0	0.0	0.0	0.0	0.0	0.0	0.0	0.0	20.00	0.0	6.67	13.33	0.0	0.0	6.67	0.0	0.0	6.67	0.0	6.67	6.67	33.33	13.33	0.0	6.67	0.0	0.0	0.0	0.0	0.0	53.33	0.0	6.67	0.0	0.0	0.0	6.67	13.33	0.0	0.0	6.67	13.33	0.0	13.33	0.0	0.0	6.67	0.0	0.0	0.0	0.0	6.67	6.67	13.33	6.67	20.00	6.67	6.67	0.0	0.0	0.0	0.0	0.0	0.0	6.67	0.0	0.0	0.0	0.0	6.67	0.0	0.0	0.0
MARIE	13	13.0	0.0	0.0	0.0	0.0	0.0	0.0	7.69	0.0	0.0	0.0	0.0	0.0	0.0	30.77	0.0	0.0	0.0	0.0	0.0	15.38	0.0	0.0	0.0	0.0	0.0	0.0	7.69	0.0	0.0	0.0	0.0	0.0	0.0	0.0	0.0	38.46	0.0	0.0	0.0	0.0	15.38	0.0	7.69	0.0	0.0	0.0	0.0	0.0	15.38	0.0	0.0	0.0	0.0	0.0	0.0	0.0	0.0	0.0	23.08	0.0	0.0	0.0	15.38	0.0	0.0	0.0	0.0	0.0	15.38	15.38	0.0	0.0	0.0	0.0	0.0	0.0	7.69	0.0
ASHBY	19	19.0	0.0	0.0	0.0	0.0	0.0	0.0	0.0	0.0	0.0	0.0	0.0	0.0	0.0	15.79	0.0	10.53	0.0	0.0	0.0	5.26	0.0	5.26	5.26	0.0	0.0	0.0	15.79	5.26	0.0	0.0	5.26	0.0	0.0	0.0	0.0	57.89	5.26	0.0	0.0	0.0	0.0	15.79	5.26	5.26	0.0	0.0	5.26	0.0	5.26	0.0	0.0	0.0	0.0	0.0	0.0	0.0	0.0	26.32	5.26	0.0	31.58	0.0	21.05	0.0	0.0	0.0	0.0	10.53	21.05	5.26	0.0	5.26	0.0	15.79	5.26	0.0	0.0	0.0
BANK OFFICIAL	6	6.0	0.0	0.0	0.0	0.0	0.0	0.0	0.0	0.0	0.0	0.0	0.0	0.0	0.0	0.0	0.0	0.0	0.0	0.0	0.0	16.67	0.0	50.00	0.0	0.0	0.0	0.0	16.67	0.0	0.0	0.0	0.0	0.0	0.0	0.0	0.0	100.00	16.67	0.0	0.0	0.0	0.0	0.0	16.67	0.0	0.0	0.0	0.0	0.0	0.0	0.0	0.0	0.0	0.0	0.0	0.0	0.0	0.0	50.00	0.0	16.67	50.00	0.0	16.67	0.0	0.0	0.0	0.0	0.0	50.00	0.0	0.0	0.0	0.0	16.67	50.00	33.33	0.0	16.67
JAKE	5	5.0	0.0	0.0	0.0	0.0	0.0	0.0	0.0	0.0	0.0	0.0	0.0	0.0	0.0	20.00	0.0	0.0	0.0	0.0	0.0	0.0	0.0	0.0	0.0	0.0	0.0	0.0	20.00	0.0	0.0	0.0	0.0	0.0	0.0	0.0	0.0	40.00	0.0	0.0	0.0	0.0	0.0	0.0	20.00	0.0	0.0	0.0	0.0	0.0	0.0	0.0	0.0	0.0	0.0	0.0	20.00	20.00	0.0	40.00	0.0	0.0	40.00	0.0	0.0	0.0	0.0	20.00	0.0	0.0	60.00	0.0	0.0	0.0	20.00	0.0	20.00	20.00	0.0	0.0
GORDO	3	3.0	0.0	0.0	0.0	0.0	0.0	0.0	0.0	0.0	0.0	0.0	0.0	0.0	0.0	33.33	0.0	0.0	0.0	0.0	0.0	0.0	0.0	0.0	0.0	0.0	0.0	0.0	33.33	0.0	0.0	0.0	0.0	0.0	0.0	0.0	0.0	33.33	0.0	0.0	0.0	0.0	0.0	0.0	33.33	0.0	0.0	0.0	0.0	0.0	0.0	0.0	0.0	0.0	0.0	0.0	33.33	0.0	0.0	33.33	0.0	0.0	33.33	0.0	0.0	0.0	0.0	0.0	0.0	0.0	33.33	0.0	0.0	0.0	0.0	0.0	33.33	33.33	0.0	0.0
JAKE	18	18.0	0.0	0.0	0.0	0.0	0.0	0.0	0.0	0.0	0.0	0.0	0.0	0.0	0.0	5.56	0.0	0.0	0.0	0.0	0.0	11.11	0.0	5.56	0.0	0.0	5.56	0.0	11.11	0.0	0.0	0.0	0.0	0.0	0.0	0.0	0.0	55.56	0.0	0.0	0.0	0.0	0.0	5.56	0.0	0.0	5.56	0.0	0.0	0.0	0.0	0.0	0.0	0.0	0.0	0.0	11.11	0.0	0.0	11.11	27.78	5.56	11.11	0.0	22.22	0.0	0.0	0.0	0.0	5.56	11.11	16.67	0.0	0.0	0.0	0.0	16.67	0.0	0.0	0.0
JAKE	19	19.0	0.0	0.0	0.0	0.0	0.0	0.0	0.0	0.0	0.0	0.0	0.0	0.0	0.0	0.0	0.0	5.26	0.0	0.0	0.0	15.79	5.26	10.53	0.0	0.0	0.0	0.0	21.05	0.0	0.0	10.53	10.53	0.0	0.0	0.0	0.0	73.68	0.0	0.0	0.0	0.0	0.0	10.53	0.0	0.0	0.0	0.0	15.79	0.0	0.0	5.26	5.26	0.0	0.0	0.0	5.26	0.0	0.0	15.79	10.53	15.79	31.58	0.0	15.79	0.0	0.0	0.0	0.0	0.0	5.26	10.53	0.0	0.0	0.0	0.0	21.05	0.0	0.0	5.26
JAKE	13	13.0	0.0	0.0	0.0	0.0	0.0	0.0	0.0	0.0	0.0	0.0	0.0	0.0	0.0	38.46	7.69	0.0	0.0	0.0	0.0	7.69	0.0	0.0	0.0	0.0	7.69	0.0	15.38	0.0	0.0	0.0	0.0	0.0	0.0	0.0	0.0	30.77	0.0	0.0	0.0	0.0	0.0	0.0	7.69	0.0	7.69	0.0	0.0	0.0	0.0	0.0	0.0	0.0	0.0	0.0	7.69	7.69	0.0	7.69	15.38	0.0	7.69	0.0	15.38	0.0	0.0	7.69	0.0	0.0	7.69	15.38	0.0	0.0	0.0	0.0	7.69	0.0	0.0	7.69
ROTTOVICH	19	19.0	0.0	0.0	0.0	0.0	0.0	0.0	0.0	0.0	0.0	0.0	0.0	0.0	0.0	26.32	0.0	21.05	5.26	0.0	5.26	5.26	0.0	15.79	0.0	0.0	0.0	0.0	5.26	5.26	0.0	0.0	0.0	0.0	0.0	0.0	0.0	63.16	0.0	0.0	0.0	0.0	0.0	0.0	5.26	0.0	0.0	0.0	5.26	0.0	0.0	5.26	5.26	5.26	0.0	0.0	10.53	0.0	0.0	15.79	10.53	10.53	21.05	0.0	15.79	0.0	0.0	0.0	0.0	10.53	15.79	0.0	0.0	0.0	0.0	10.53	21.05	5.26	0.0	0.0
MOONAN	11	11.0	0.0	0.0	0.0	0.0	0.0	0.0	0.0	0.0	0.0	0.0	0.0	0.0	0.0	18.18	0.0	0.0	0.0	0.0	0.0	0.0	0.0	0.0	9.09	9.09	9.09	0.0	36.36	9.09	0.0	0.0	0.0	0.0	0.0	0.0	0.0	45.45	0.0	0.0	0.0	0.0	0.0	0.0	18.18	0.0	0.0	9.09	9.09	0.0	0.0	9.09	0.0	0.0	0.0	9.09	0.0	0.0	0.0	0.0	18.18	0.0	9.09	0.0	18.18	0.0	0.0	0.0	0.0	0.0	0.0	9.09	0.0	0.0	0.0	0.0	0.0	0.0	0.0	0.0
MOONAN	8	8.0	0.0	0.0	0.0	0.0	0.0	0.0	0.0	0.0	0.0	0.0	0.0	0.0	0.0	37.50	0.0	0.0	0.0	0.0	0.0	0.0	0.0	12.50	0.0	0.0	0.0	0.0	12.50	0.0	0.0	0.0	0.0	0.0	12.50	0.0	0.0	25.00	0.0	0.0	0.0	0.0	0.0	0.0	12.50	0.0	0.0	0.0	25.00	0.0	0.0	12.50	0.0	0.0	0.0	0.0	0.0	12.50	0.0	0.0	0.0	25.00	25.00	0.0	37.50	0.0	0.0	0.0	0.0	0.0	0.0	12.50	0.0	0.0	0.0	12.50	25.00	0.0	0.0	0.0
LUPUS	14	14.0	0.0	0.0	0.0	0.0	0.0	0.0	0.0	0.0	0.0	0.0	0.0	0.0	0.0	0.0	0.0	7.14	7.14	0.0	0.0	14.29	7.14	7.14	0.0	0.0	0.0	0.0	7.14	7.14	0.0	0.0	0.0	0.0	0.0	0.0	0.0	64.29	0.0	0.0	0.0	0.0	0.0	0.0	0.0	0.0	7.14	0.0	21.43	0.0	0.0	7.14	0.0	0.0	0.0	0.0	0.0	0.0	7.14	14.29	7.14	21.43	35.71	0.0	7.14	0.0	0.0	0.0	0.0	0.0	21.43	0.0	0.0	0.0	0.0	0.0	21.43	0.0	0.0	14.29
JAKE	64	64.0	0.0	0.0	0.0	0.0	0.0	0.0	0.0	0.0	0.0	0.0	0.0	0.0	0.0	6.25	1.56	3.12	3.12	1.56	0.0	1.56	0.0	14.06	1.56	0.0	1.56	1.56	23.44	6.25	0.0	0.0	3.12	0.0	0.0	0.0	0.0	68.75	4.69	0.0	0.0	0.0	0.0	23.44	14.06	0.0	1.56	1.56	6.25	0.0	1.56	6.25	0.0	1.56	0.0	0.0	1.56	4.69	1.56	28.12	17.19	12.50	34.38	0.0	21.88	0.0	0.0	4.69	1.56	0.0	7.81	10.94	1.56	1.56	0.0	3.12	23.44	0.0	1.56	4.69
LUPUS	3	3.0	0.0	0.0	0.0	0.0	0.0	0.0	0.0	0.0	0.0	0.0	0.0	0.0	0.0	0.0	0.0	0.0	0.0	0.0	0.0	33.33	0.0	33.33	0.0	0.0	0.0	0.0	0.0	0.0	0.0	0.0	0.0	0.0	0.0	0.0	0.0	100.00	0.0	0.0	0.0	0.0	0.0	0.0	0.0	0.0	0.0	0.0	0.0	0.0	0.0	0.0	0.0	0.0	0.0	0.0	0.0	0.0	0.0	66.67	0.0	33.33	66.67	0.0	0.0	0.0	0.0	0.0	0.0	0.0	66.67	0.0	0.0	0.0	0.0	0.0	33.33	0.0	0.0	66.67
LUPUS	32	32.0	0.0	0.0	0.0	0.0	0.0	0.0	0.0	0.0	0.0	0.0	0.0	0.0	0.0	15.62	3.12	0.0	3.12	3.12	0.0	9.38	3.12	12.50	3.12	0.0	0.0	0.0	6.25	0.0	0.0	3.12	0.0	0.0	0.0	0.0	0.0	62.50	3.12	0.0	0.0	0.0	0.0	0.0	3.12	0.0	0.0	0.0	6.25	0.0	3.12	0.0	0.0	3.12	0.0	0.0	3.12	0.0	0.0	25.00	15.62	15.62	31.25	3.12	18.75	0.0	0.0	0.0	3.12	12.50	25.00	15.62	3.12	0.0	0.0	3.12	21.88	0.0	0.0	12.50
KING PIN	10	10.0	0.0	0.0	0.0	0.0	0.0	0.0	0.0	0.0	0.0	0.0	0.0	0.0	0.0	10.00	0.0	0.0	0.0	0.0	0.0	10.00	0.0	10.00	0.0	0.0	0.0	0.0	10.00	0.0	0.0	0.0	0.0	0.0	0.0	0.0	0.0	60.00	0.0	0.0	0.0	0.0	10.00	0.0	0.0	0.0	0.0	10.00	10.00	0.0	0.0	0.0	0.0	0.0	0.0	0.0	10.00	0.0	0.0	30.00	10.00	20.00	40.00	0.0	0.0	0.0	0.0	0.0	0.0	20.00	40.00	0.0	0.0	0.0	0.0	0.0	30.00	0.0	0.0	10.00
HARLIN	4	4.0	0.0	0.0	0.0	0.0	0.0	0.0	0.0	0.0	0.0	0.0	0.0	0.0	0.0	0.0	0.0	0.0	0.0	0.0	0.0	25.00	0.0	25.00	0.0	0.0	0.0	0.0	0.0	0.0	0.0	0.0	0.0	0.0	0.0	0.0	0.0	75.00	25.00	0.0	0.0	0.0	0.0	50.00	0.0	0.0	0.0	0.0	0.0	0.0	0.0	25.00	0.0	0.0	0.0	0.0	0.0	0.0	0.0	50.00	0.0	25.00	50.00	0.0	25.00	0.0	0.0	0.0	0.0	0.0	0.0	0.0	0.0	0.0	0.0	0.0	50.00	0.0	0.0	0.0
KING PIN	2	2.0	0.0	0.0	0.0	0.0	0.0	0.0	0.0	0.0	0.0	0.0	0.0	0.0	0.0	50.00	0.0	0.0	0.0	0.0	0.0	0.0	0.0	0.0	0.0	0.0	0.0	50.00	100.00	0.0	0.0	0.0	50.00	0.0	0.0	0.0	0.0	50.00	0.0	0.0	0.0	0.0	0.0	0.0	0.0	0.0	0.0	0.0	50.00	0.0	0.0	0.0	0.0	0.0	0.0	0.0	0.0	0.0	0.0	0.0	0.0	0.0	50.00	0.0	50.00	0.0	0.0	0.0	0.0	0.0	0.0	0.0	0.0	50.00	0.0	50.00	0.0	0.0	0.0	0.0
KING PIN	6	6.0	0.0	0.0	0.0	0.0	0.0	0.0	0.0	0.0	0.0	0.0	0.0	0.0	0.0	0.0	0.0	0.0	0.0	0.0	0.0	0.0	0.0	0.0	16.67	16.67	0.0	0.0	0.0	0.0	0.0	0.0	0.0	0.0	0.0	0.0	0.0	50.00	0.0	0.0	0.0	0.0	0.0	16.67	0.0	0.0	0.0	0.0	16.67	0.0	0.0	0.0	0.0	0.0	0.0	0.0	0.0	16.67	0.0	16.67	16.67	16.67	33.33	0.0	33.33	0.0	0.0	16.67	16.67	0.0	0.0	33.33	16.67	0.0	0.0	0.0	16.67	0.0	0.0	0.0
HARLIN	3	3.0	0.0	0.0	0.0	0.0	0.0	0.0	0.0	0.0	0.0	0.0	0.0	0.0	0.0	0.0	0.0	0.0	33.33	0.0	0.0	0.0	0.0	0.0	0.0	0.0	33.33	0.0	33.33	0.0	0.0	0.0	0.0	0.0	0.0	0.0	0.0	0.0	0.0	0.0	0.0	0.0	0.0	0.0	0.0	0.0	0.0	0.0	0.0	0.0	0.0	0.0	0.0	0.0	0.0	0.0	0.0	33.33	33.33	0.0	0.0	33.33	0.0	0.0	0.0	0.0	0.0	33.33	0.0	0.0	0.0	0.0	0.0	0.0	0.0	0.0	33.33	0.0	33.33	0.0
SOBOZINSKI	5	5.0	0.0	0.0	0.0	0.0	0.0	0.0	0.0	0.0	0.0	0.0	0.0	0.0	0.0	0.0	0.0	0.0	20.00	0.0	0.0	0.0	0.0	0.0	0.0	0.0	0.0	0.0	0.0	0.0	0.0	0.0	0.0	0.0	0.0	0.0	0.0	40.00	0.0	0.0	0.0	0.0	20.00	0.0	0.0	0.0	0.0	0.0	20.00	0.0	0.0	0.0	0.0	0.0	0.0	0.0	0.0	0.0	20.00	20.00	0.0	0.0	40.00	0.0	0.0	0.0	0.0	0.0	0.0	0.0	40.00	0.0	0.0	0.0	0.0	0.0	0.0	0.0	0.0	20.00
ROTTOVICH	47	47.0	0.0	0.0	0.0	0.0	0.0	0.0	0.0	0.0	0.0	0.0	0.0	0.0	0.0	8.51	0.0	2.13	4.26	0.0	0.0	2.13	0.0	4.26	4.26	2.13	2.13	0.0	19.15	6.38	0.0	4.26	0.0	0.0	0.0	0.0	0.0	53.19	0.0	2.13	2.13	0.0	2.13	8.51	10.64	0.0	0.0	0.0	12.77	0.0	2.13	2.13	2.13	2.13	0.0	0.0	4.26	6.38	2.13	21.28	8.51	12.77	34.04	0.0	8.51	0.0	0.0	4.26	0.0	0.0	19.15	4.26	0.0	2.13	0.0	2.13	17.02	10.64	2.13	2.13
SOBOZINSKI	3	3.0	0.0	0.0	0.0	0.0	0.0	0.0	0.0	0.0	0.0	0.0	0.0	0.0	0.0	33.33	0.0	33.33	0.0	0.0	0.0	0.0	0.0	33.33	0.0	0.0	0.0	0.0	33.33	0.0	0.0	0.0	33.33	0.0	0.0	0.0	0.0	100.00	0.0	0.0	0.0	0.0	0.0	0.0	0.0	0.0	0.0	0.0	66.67	0.0	33.33	0.0	0.0	0.0	0.0	0.0	0.0	0.0	0.0	0.0	0.0	33.33	66.67	0.0	0.0	0.0	0.0	0.0	0.0	0.0	0.0	0.0	0.0	0.0	0.0	0.0	33.33	0.0	0.0	0.0
ROTTOVICH	5	5.0	0.0	0.0	0.0	0.0	0.0	0.0	0.0	0.0	0.0	0.0	0.0	0.0	0.0	20.00	0.0	20.00	0.0	0.0	0.0	0.0	0.0	40.00	0.0	0.0	0.0	0.0	0.0	0.0	0.0	0.0	0.0	0.0	0.0	0.0	0.0	120.00	0.0	0.0	0.0	0.0	0.0	40.00	0.0	0.0	0.0	0.0	60.00	0.0	0.0	0.0	0.0	0.0	0.0	0.0	0.0	0.0	0.0	40.00	20.00	40.00	100.00	0.0	0.0	0.0	0.0	0.0	0.0	0.0	20.00	0.0	0.0	0.0	0.0	0.0	40.00	0.0	0.0	0.0
SOBOZINSKI	2	2.0	0.0	0.0	0.0	0.0	0.0	0.0	0.0	0.0	0.0	0.0	0.0	0.0	0.0	0.0	0.0	0.0	0.0	0.0	0.0	0.0	0.0	50.00	0.0	0.0	0.0	0.0	0.0	0.0	0.0	0.0	0.0	0.0	0.0	0.0	0.0	150.00	0.0	0.0	0.0	0.0	0.0	100.00	0.0	0.0	0.0	0.0	0.0	0.0	0.0	0.0	0.0	0.0	0.0	0.0	0.0	0.0	0.0	100.00	50.00	50.00	100.00	0.0	50.00	0.0	0.0	0.0	0.0	0.0	0.0	50.00	0.0	0.0	0.0	0.0	50.00	0.0	0.0	0.0
ROTTOVICH	4	4.0	0.0	0.0	0.0	0.0	0.0	0.0	0.0	0.0	0.0	0.0	0.0	0.0	0.0	0.0	0.0	0.0	0.0	0.0	0.0	0.0	0.0	50.00	0.0	0.0	0.0	0.0	0.0	0.0	0.0	0.0	0.0	0.0	0.0	0.0	0.0	100.00	0.0	0.0	0.0	0.0	0.0	0.0	0.0	0.0	0.0	0.0	25.00	0.0	0.0	0.0	0.0	0.0	0.0	0.0	0.0	0.0	0.0	25.00	0.0	25.00	50.00	0.0	0.0	0.0	0.0	0.0	0.0	0.0	25.00	0.0	0.0	0.0	0.0	0.0	50.00	0.0	0.0	25.00
SOBOZINSKI	2	2.0	0.0	0.0	0.0	0.0	0.0	0.0	0.0	0.0	0.0	0.0	0.0	0.0	0.0	0.0	0.0	0.0	0.0	0.0	0.0	0.0	0.0	0.0	0.0	0.0	0.0	0.0	0.0	0.0	0.0	0.0	0.0	0.0	0.0	0.0	0.0	50.00	0.0	0.0	0.0	0.0	0.0	0.0	0.0	0.0	0.0	0.0	0.0	0.0	0.0	0.0	0.0	0.0	0.0	50.00	0.0	0.0	0.0	0.0	0.0	0.0	0.0	0.0	50.00	0.0	0.0	0.0	0.0	0.0	0.0	50.00	0.0	0.0	0.0	0.0	0.0	0.0	0.0	0.0
ROTTOVICH	8	8.0	0.0	0.0	0.0	0.0	0.0	0.0	0.0	0.0	0.0	0.0	0.0	0.0	0.0	0.0	0.0	0.0	0.0	0.0	0.0	0.0	0.0	12.50	12.50	12.50	0.0	0.0	0.0	0.0	0.0	0.0	0.0	0.0	12.50	0.0	0.0	62.50	0.0	0.0	0.0	0.0	0.0	12.50	0.0	0.0	0.0	0.0	0.0	0.0	0.0	12.50	12.50	0.0	0.0	12.50	0.0	12.50	0.0	25.00	12.50	12.50	25.00	0.0	37.50	0.0	0.0	0.0	0.0	0.0	12.50	25.00	0.0	0.0	0.0	0.0	12.50	0.0	0.0	12.50
MOONAN	3	3.0	0.0	0.0	0.0	0.0	0.0	0.0	0.0	0.0	0.0	0.0	0.0	0.0	0.0	0.0	0.0	0.0	0.0	0.0	0.0	0.0	0.0	0.0	0.0	0.0	0.0	0.0	0.0	0.0	0.0	0.0	0.0	0.0	0.0	0.0	0.0	33.33	0.0	0.0	0.0	0.0	33.33	0.0	0.0	0.0	0.0	0.0	0.0	0.0	0.0	0.0	0.0	0.0	0.0	0.0	0.0	0.0	0.0	33.33	0.0	0.0	33.33	0.0	0.0	0.0	0.0	0.0	0.0	0.0	66.67	0.0	0.0	0.0	0.0	0.0	0.0	0.0	0.0	33.33
ROTTOVICH	2	2.0	0.0	0.0	0.0	0.0	0.0	0.0	0.0	0.0	0.0	0.0	0.0	0.0	0.0	0.0	0.0	50.00	0.0	0.0	0.0	0.0	0.0	0.0	0.0	0.0	0.0	0.0	50.00	0.0	0.0	0.0	0.0	0.0	0.0	0.0	0.0	150.00	0.0	0.0	0.0	0.0	0.0	0.0	50.00	0.0	0.0	0.0	0.0	0.0	0.0	0.0	0.0	0.0	0.0	0.0	0.0	0.0	0.0	100.00	0.0	50.00	100.00	0.0	0.0	0.0	0.0	0.0	0.0	0.0	100.00	0.0	0.0	0.0	0.0	0.0	50.00	100.00	0.0	0.0
MOONAN	2	2.0	0.0	0.0	0.0	0.0	0.0	0.0	0.0	0.0	0.0	0.0	0.0	0.0	0.0	0.0	0.0	0.0	0.0	0.0	0.0	0.0	0.0	0.0	0.0	0.0	0.0	0.0	0.0	0.0	0.0	0.0	0.0	0.0	50.00	0.0	0.0	0.0	0.0	0.0	0.0	0.0	0.0	0.0	0.0	0.0	0.0	0.0	0.0	0.0	0.0	0.0	0.0	0.0	0.0	0.0	0.0	50.00	0.0	0.0	0.0	0.0	0.0	0.0	50.00	0.0	0.0	0.0	0.0	0.0	0.0	0.0	0.0	0.0	0.0	0.0	0.0	0.0	0.0	0.0
MR. HEAVYSET	2	2.0	0.0	0.0	0.0	0.0	0.0	0.0	0.0	0.0	0.0	0.0	0.0	0.0	0.0	0.0	0.0	0.0	0.0	0.0	0.0	0.0	50.00	0.0	0.0	0.0	0.0	0.0	0.0	0.0	0.0	0.0	0.0	0.0	0.0	0.0	0.0	0.0	0.0	0.0	0.0	0.0	0.0	0.0	0.0	0.0	0.0	0.0	0.0	0.0	0.0	0.0	0.0	0.0	0.0	0.0	0.0	0.0	0.0	0.0	0.0	0.0	0.0	0.0	0.0	0.0	0.0	0.0	0.0	0.0	0.0	0.0	50.00	0.0	0.0	0.0	0.0	0.0	0.0	0.0
JAKE	1	1.0	0.0	0.0	0.0	0.0	0.0	0.0	0.0	0.0	0.0	0.0	0.0	0.0	0.0	0.0	0.0	0.0	0.0	0.0	0.0	0.0	0.0	0.0	0.0	0.0	0.0	0.0	0.0	0.0	0.0	0.0	0.0	0.0	0.0	0.0	0.0	0.0	0.0	0.0	0.0	0.0	0.0	0.0	0.0	0.0	0.0	0.0	0.0	0.0	0.0	0.0	0.0	0.0	0.0	0.0	0.0	0.0	0.0	0.0	0.0	0.0	0.0	0.0	0.0	0.0	0.0	0.0	0.0	0.0	0.0	0.0	0.0	0.0	0.0	0.0	0.0	0.0	0.0	0.0
GORDO	6	6.0	0.0	0.0	0.0	0.0	0.0	0.0	0.0	0.0	0.0	0.0	0.0	0.0	0.0	50.00	0.0	16.67	0.0	0.0	0.0	0.0	0.0	16.67	0.0	0.0	0.0	0.0	0.0	0.0	0.0	0.0	0.0	0.0	0.0	0.0	0.0	83.33	0.0	0.0	0.0	0.0	0.0	33.33	0.0	0.0	0.0	0.0	0.0	0.0	0.0	0.0	0.0	0.0	0.0	16.67	0.0	0.0	0.0	33.33	33.33	16.67	33.33	0.0	33.33	0.0	0.0	0.0	0.0	0.0	0.0	16.67	0.0	0.0	0.0	16.67	16.67	0.0	0.0	0.0
MR. HEAVYSET	13	13.0	0.0	0.0	0.0	0.0	0.0	0.0	0.0	0.0	0.0	0.0	0.0	0.0	0.0	15.38	0.0	0.0	0.0	0.0	0.0	0.0	0.0	0.0	7.69	0.0	0.0	7.69	7.69	0.0	0.0	0.0	0.0	0.0	0.0	0.0	0.0	46.15	0.0	0.0	0.0	0.0	0.0	15.38	0.0	7.69	0.0	0.0	7.69	0.0	0.0	7.69	0.0	0.0	0.0	0.0	0.0	0.0	0.0	23.08	7.69	7.69	30.77	7.69	23.08	0.0	0.0	0.0	0.0	0.0	15.38	7.69	7.69	0.0	0.0	7.69	7.69	0.0	0.0	7.69
GORDO	7	7.0	0.0	0.0	0.0	0.0	0.0	0.0	0.0	0.0	0.0	0.0	0.0	0.0	0.0	28.57	0.0	14.29	0.0	0.0	0.0	14.29	0.0	0.0	0.0	0.0	14.29	14.29	28.57	0.0	0.0	0.0	0.0	0.0	0.0	0.0	0.0	57.14	0.0	0.0	0.0	14.29	0.0	0.0	0.0	0.0	0.0	0.0	0.0	14.29	0.0	0.0	0.0	0.0	0.0	0.0	0.0	0.0	0.0	14.29	14.29	14.29	14.29	0.0	28.57	0.0	0.0	0.0	0.0	0.0	14.29	14.29	0.0	0.0	0.0	14.29	14.29	0.0	0.0	14.29
JAKE	8	8.0	0.0	0.0	0.0	0.0	0.0	0.0	0.0	0.0	0.0	0.0	0.0	0.0	0.0	12.50	0.0	0.0	0.0	0.0	0.0	25.00	0.0	0.0	0.0	0.0	12.50	0.0	12.50	0.0	0.0	0.0	0.0	0.0	0.0	0.0	0.0	62.50	0.0	0.0	0.0	12.50	0.0	0.0	0.0	0.0	0.0	0.0	12.50	12.50	0.0	0.0	12.50	0.0	0.0	0.0	0.0	0.0	0.0	0.0	12.50	12.50	12.50	0.0	12.50	0.0	0.0	0.0	0.0	0.0	0.0	12.50	0.0	0.0	0.0	0.0	12.50	0.0	0.0	0.0
GORDO	16	16.0	0.0	0.0	0.0	0.0	0.0	0.0	0.0	0.0	0.0	0.0	0.0	0.0	0.0	6.25	0.0	12.50	0.0	0.0	0.0	6.25	0.0	18.75	0.0	0.0	6.25	0.0	12.50	0.0	0.0	0.0	6.25	0.0	0.0	0.0	0.0	75.00	0.0	0.0	6.25	6.25	0.0	18.75	0.0	0.0	0.0	0.0	12.50	6.25	0.0	0.0	6.25	0.0	0.0	0.0	0.0	6.25	0.0	18.75	6.25	18.75	31.25	0.0	12.50	0.0	0.0	0.0	0.0	0.0	6.25	6.25	0.0	0.0	0.0	0.0	25.00	0.0	0.0	0.0
JAKE	20	20.0	0.0	0.0	0.0	0.0	0.0	0.0	0.0	0.0	0.0	0.0	0.0	0.0	0.0	25.00	0.0	5.00	0.0	0.0	0.0	5.00	0.0	5.00	0.0	0.0	5.00	0.0	30.00	5.00	0.0	5.00	0.0	0.0	0.0	0.0	0.0	65.00	0.0	0.0	0.0	5.00	0.0	0.0	10.00	0.0	5.00	5.00	5.00	5.00	10.00	0.0	0.0	0.0	0.0	10.00	0.0	0.0	0.0	20.00	20.00	20.00	25.00	0.0	15.00	0.0	0.0	0.0	0.0	15.00	20.00	10.00	0.0	0.0	0.0	5.00	20.00	0.0	0.0	5.00
LUPUS	16	16.0	0.0	0.0	0.0	0.0	0.0	0.0	0.0	0.0	0.0	0.0	0.0	0.0	0.0	6.25	0.0	18.75	12.50	6.25	0.0	6.25	0.0	6.25	6.25	6.25	0.0	6.25	37.50	0.0	0.0	0.0	6.25	0.0	0.0	0.0	0.0	75.00	0.0	0.0	0.0	0.0	0.0	0.0	6.25	0.0	6.25	0.0	6.25	0.0	0.0	0.0	0.0	6.25	0.0	0.0	6.25	6.25	6.25	25.00	12.50	12.50	31.25	6.25	12.50	0.0	0.0	6.25	0.0	12.50	25.00	12.50	6.25	12.50	0.0	0.0	18.75	12.50	0.0	0.0
JAKE	4	4.0	0.0	0.0	0.0	0.0	0.0	0.0	0.0	0.0	0.0	0.0	0.0	0.0	0.0	25.00	0.0	0.0	25.00	25.00	0.0	0.0	0.0	25.00	25.00	0.0	0.0	0.0	0.0	0.0	0.0	0.0	0.0	0.0	0.0	0.0	0.0	50.00	0.0	0.0	0.0	0.0	0.0	0.0	0.0	0.0	0.0	0.0	25.00	0.0	0.0	0.0	0.0	25.00	0.0	0.0	25.00	0.0	0.0	0.0	0.0	0.0	25.00	0.0	25.00	0.0	0.0	0.0	25.00	0.0	0.0	25.00	25.00	0.0	0.0	0.0	25.00	0.0	0.0	0.0
KING PIN	1	1.0	0.0	0.0	0.0	0.0	0.0	0.0	0.0	0.0	0.0	0.0	0.0	0.0	0.0	0.0	0.0	0.0	0.0	0.0	0.0	0.0	0.0	0.0	0.0	0.0	0.0	0.0	0.0	0.0	0.0	0.0	0.0	0.0	0.0	0.0	0.0	0.0	0.0	0.0	100.00	0.0	0.0	0.0	0.0	0.0	0.0	0.0	0.0	0.0	0.0	0.0	0.0	0.0	0.0	0.0	0.0	100.00	0.0	0.0	0.0	0.0	0.0	0.0	0.0	0.0	0.0	0.0	0.0	0.0	100.00	0.0	0.0	0.0	0.0	0.0	0.0	0.0	0.0	0.0
LUPUS	8	8.0	0.0	0.0	0.0	0.0	0.0	0.0	0.0	0.0	0.0	0.0	0.0	0.0	0.0	25.00	0.0	0.0	0.0	0.0	0.0	12.50	0.0	25.00	0.0	0.0	0.0	0.0	0.0	0.0	0.0	0.0	0.0	0.0	0.0	0.0	0.0	75.00	0.0	0.0	0.0	0.0	0.0	0.0	0.0	0.0	0.0	0.0	0.0	0.0	0.0	0.0	0.0	0.0	0.0	0.0	12.50	0.0	0.0	50.00	12.50	25.00	50.00	0.0	12.50	0.0	0.0	0.0	0.0	50.00	50.00	12.50	0.0	0.0	0.0	0.0	37.50	0.0	0.0	0.0
KING PIN	15	15.0	0.0	0.0	0.0	0.0	0.0	0.0	0.0	0.0	0.0	0.0	0.0	0.0	0.0	0.0	0.0	13.33	0.0	0.0	0.0	6.67	0.0	13.33	0.0	0.0	6.67	0.0	13.33	13.33	0.0	0.0	0.0	0.0	0.0	0.0	0.0	80.00	0.0	0.0	0.0	0.0	6.67	6.67	0.0	0.0	0.0	6.67	20.00	0.0	0.0	0.0	0.0	0.0	0.0	13.33	0.0	0.0	0.0	6.67	6.67	20.00	26.67	0.0	13.33	0.0	0.0	0.0	0.0	0.0	6.67	13.33	0.0	0.0	0.0	0.0	20.00	0.0	0.0	0.0
LUPUS	23	23.0	0.0	0.0	0.0	0.0	0.0	0.0	0.0	0.0	0.0	0.0	0.0	0.0	0.0	21.74	0.0	0.0	0.0	0.0	0.0	4.35	0.0	13.04	0.0	0.0	4.35	0.0	21.74	4.35	0.0	4.35	4.35	0.0	0.0	0.0	0.0	69.57	4.35	0.0	0.0	4.35	0.0	4.35	8.70	0.0	0.0	4.35	17.39	4.35	0.0	4.35	0.0	0.0	0.0	0.0	8.70	0.0	0.0	21.74	17.39	8.70	39.13	0.0	8.70	0.0	0.0	0.0	0.0	17.39	21.74	4.35	0.0	4.35	0.0	0.0	26.09	0.0	0.0	0.0
KING PIN	10	10.0	0.0	0.0	0.0	0.0	0.0	0.0	0.0	0.0	0.0	0.0	0.0	0.0	0.0	0.0	0.0	0.0	20.00	0.0	0.0	0.0	0.0	20.00	0.0	0.0	0.0	0.0	20.00	0.0	0.0	0.0	10.00	0.0	0.0	0.0	0.0	60.00	0.0	0.0	0.0	0.0	0.0	0.0	10.00	0.0	0.0	0.0	0.0	0.0	0.0	0.0	10.00	0.0	0.0	0.0	0.0	10.00	20.00	10.00	20.00	10.00	10.00	0.0	10.00	0.0	0.0	10.00	0.0	0.0	10.00	10.00	0.0	0.0	0.0	0.0	20.00	0.0	0.0	10.00
JAKE	6	6.0	0.0	0.0	0.0	0.0	0.0	0.0	0.0	0.0	0.0	0.0	0.0	0.0	0.0	33.33	0.0	0.0	0.0	0.0	0.0	0.0	0.0	16.67	33.33	16.67	0.0	0.0	16.67	0.0	0.0	0.0	0.0	0.0	0.0	0.0	0.0	83.33	0.0	16.67	0.0	0.0	0.0	0.0	16.67	0.0	0.0	0.0	33.33	0.0	0.0	0.0	0.0	0.0	0.0	0.0	0.0	0.0	0.0	16.67	33.33	16.67	50.00	0.0	16.67	0.0	0.0	0.0	0.0	0.0	16.67	16.67	0.0	0.0	0.0	0.0	16.67	0.0	0.0	16.67
LUPUS	3	3.0	0.0	0.0	0.0	0.0	0.0	0.0	0.0	0.0	0.0	0.0	0.0	0.0	0.0	0.0	0.0	0.0	0.0	0.0	0.0	0.0	0.0	0.0	0.0	0.0	0.0	0.0	33.33	0.0	0.0	0.0	0.0	0.0	0.0	0.0	0.0	66.67	0.0	0.0	0.0	0.0	0.0	0.0	0.0	0.0	33.33	0.0	33.33	0.0	0.0	0.0	0.0	0.0	0.0	0.0	0.0	0.0	0.0	0.0	33.33	33.33	33.33	0.0	33.33	0.0	0.0	0.0	0.0	0.0	0.0	33.33	0.0	0.0	0.0	0.0	33.33	0.0	0.0	0.0
LILY	7	7.0	0.0	0.0	0.0	0.0	0.0	0.0	0.0	0.0	0.0	0.0	0.0	0.0	0.0	14.29	0.0	0.0	0.0	0.0	0.0	14.29	0.0	0.0	0.0	0.0	0.0	0.0	0.0	0.0	0.0	0.0	0.0	0.0	0.0	0.0	0.0	42.86	0.0	0.0	0.0	0.0	0.0	14.29	0.0	0.0	0.0	0.0	0.0	0.0	0.0	14.29	0.0	0.0	0.0	0.0	14.29	0.0	0.0	28.57	0.0	0.0	28.57	0.0	14.29	0.0	0.0	0.0	0.0	0.0	42.86	0.0	0.0	0.0	0.0	0.0	14.29	0.0	0.0	14.29
JAKE	28	28.0	0.0	0.0	0.0	0.0	0.0	0.0	0.0	0.0	0.0	0.0	0.0	0.0	0.0	7.14	0.0	3.57	3.57	3.57	0.0	3.57	0.0	17.86	0.0	0.0	0.0	0.0	7.14	0.0	0.0	3.57	0.0	0.0	0.0	0.0	0.0	75.00	0.0	0.0	3.57	0.0	0.0	14.29	0.0	0.0	0.0	3.57	32.14	0.0	0.0	0.0	0.0	3.57	0.0	0.0	0.0	3.57	0.0	21.43	10.71	28.57	53.57	0.0	14.29	0.0	0.0	0.0	0.0	0.0	14.29	7.14	0.0	0.0	0.0	7.14	28.57	0.0	0.0	7.14
LUPUS	55	55.0	0.0	0.0	0.0	0.0	0.0	0.0	0.0	0.0	0.0	0.0	0.0	0.0	0.0	3.64	0.0	3.64	12.73	5.45	0.0	3.64	1.82	14.55	1.82	1.82	1.82	0.0	16.36	5.45	0.0	1.82	5.45	0.0	1.82	0.0	0.0	74.55	1.82	0.0	0.0	0.0	0.0	3.64	1.82	0.0	1.82	1.82	10.91	0.0	0.0	1.82	1.82	5.45	0.0	0.0	3.64	1.82	7.27	27.27	12.73	14.55	38.18	3.64	7.27	0.0	0.0	0.0	0.0	10.91	25.45	3.64	3.64	5.45	0.0	1.82	20.00	0.0	0.0	12.73
JAKE	18	18.0	0.0	0.0	0.0	0.0	0.0	0.0	0.0	0.0	0.0	0.0	0.0	0.0	0.0	11.11	5.56	5.56	5.56	0.0	0.0	11.11	0.0	22.22	0.0	0.0	0.0	0.0	5.56	0.0	0.0	0.0	0.0	0.0	0.0	0.0	0.0	72.22	0.0	0.0	0.0	0.0	0.0	5.56	0.0	0.0	0.0	5.56	16.67	0.0	5.56	0.0	5.56	0.0	0.0	0.0	0.0	0.0	5.56	27.78	5.56	16.67	44.44	0.0	0.0	0.0	0.0	0.0	0.0	0.0	27.78	0.0	0.0	0.0	0.0	0.0	22.22	0.0	0.0	22.22
LIONEL	49	49.0	0.0	0.0	0.0	0.0	0.0	0.0	0.0	0.0	0.0	0.0	0.0	0.0	0.0	10.20	2.04	6.12	4.08	4.08	0.0	6.12	0.0	8.16	4.08	2.04	0.0	0.0	14.29	6.12	0.0	2.04	6.12	0.0	0.0	0.0	2.04	65.31	0.0	0.0	0.0	0.0	4.08	4.08	2.04	0.0	2.04	0.0	8.16	0.0	0.0	2.04	8.16	4.08	0.0	0.0	6.12	0.0	0.0	14.29	14.29	2.04	22.45	0.0	10.20	0.0	0.0	0.0	2.04	6.12	20.41	6.12	4.08	2.04	0.0	2.04	10.20	0.0	0.0	4.08
JAKE	5	5.0	0.0	0.0	0.0	0.0	0.0	0.0	0.0	0.0	0.0	0.0	0.0	0.0	0.0	0.0	0.0	0.0	0.0	0.0	0.0	0.0	0.0	0.0	20.00	0.0	0.0	0.0	0.0	0.0	0.0	0.0	0.0	0.0	0.0	0.0	0.0	20.00	0.0	0.0	0.0	0.0	0.0	0.0	0.0	20.00	0.0	0.0	0.0	0.0	0.0	0.0	0.0	0.0	0.0	0.0	0.0	0.0	0.0	0.0	20.00	0.0	0.0	0.0	60.00	0.0	0.0	0.0	0.0	0.0	0.0	20.00	0.0	0.0	0.0	20.00	0.0	0.0	0.0	0.0
LUPUS	1	1.0	0.0	0.0	0.0	0.0	0.0	0.0	0.0	0.0	0.0	0.0	0.0	0.0	0.0	0.0	0.0	0.0	0.0	0.0	0.0	0.0	0.0	0.0	0.0	0.0	0.0	0.0	0.0	0.0	0.0	0.0	0.0	0.0	0.0	0.0	0.0	100.00	0.0	0.0	0.0	0.0	0.0	0.0	0.0	0.0	0.0	0.0	100.00	0.0	0.0	0.0	0.0	0.0	0.0	0.0	0.0	0.0	0.0	0.0	0.0	0.0	100.00	0.0	0.0	0.0	0.0	0.0	0.0	0.0	0.0	0.0	0.0	0.0	0.0	0.0	0.0	0.0	0.0	0.0
JAKE	2	2.0	0.0	0.0	0.0	0.0	0.0	0.0	0.0	0.0	0.0	0.0	0.0	0.0	0.0	0.0	0.0	0.0	0.0	0.0	0.0	0.0	0.0	0.0	0.0	0.0	0.0	0.0	0.0	0.0	0.0	0.0	0.0	0.0	0.0	0.0	0.0	50.00	0.0	0.0	0.0	0.0	0.0	0.0	0.0	0.0	0.0	0.0	0.0	0.0	0.0	0.0	0.0	0.0	0.0	0.0	0.0	0.0	0.0	0.0	50.00	0.0	0.0	0.0	100.00	0.0	0.0	0.0	0.0	0.0	0.0	50.00	0.0	0.0	0.0	0.0	0.0	0.0	0.0	0.0
LUPUS	12	12.0	0.0	0.0	0.0	0.0	0.0	0.0	0.0	0.0	0.0	0.0	0.0	0.0	0.0	16.67	0.0	0.0	25.00	16.67	0.0	0.0	0.0	25.00	0.0	0.0	0.0	0.0	8.33	8.33	0.0	0.0	8.33	0.0	0.0	0.0	0.0	58.33	8.33	0.0	0.0	0.0	0.0	16.67	0.0	0.0	0.0	0.0	0.0	0.0	0.0	0.0	8.33	16.67	0.0	0.0	8.33	8.33	8.33	33.33	0.0	8.33	33.33	0.0	0.0	0.0	0.0	8.33	0.0	0.0	33.33	0.0	0.0	0.0	0.0	0.0	33.33	0.0	0.0	16.67
JAKE	4	4.0	0.0	0.0	0.0	0.0	0.0	0.0	0.0	0.0	0.0	0.0	0.0	0.0	0.0	0.0	0.0	0.0	0.0	0.0	0.0	0.0	0.0	0.0	0.0	0.0	0.0	0.0	0.0	0.0	0.0	0.0	0.0	0.0	0.0	0.0	0.0	50.00	0.0	0.0	25.00	0.0	0.0	25.00	0.0	0.0	0.0	0.0	0.0	0.0	0.0	0.0	0.0	0.0	0.0	0.0	25.00	25.00	0.0	25.00	25.00	0.0	25.00	0.0	50.00	0.0	0.0	0.0	0.0	0.0	25.00	25.00	0.0	0.0	0.0	0.0	25.00	0.0	0.0	0.0
JAKE	8	8.0	0.0	0.0	0.0	0.0	0.0	0.0	0.0	0.0	0.0	0.0	0.0	0.0	0.0	12.50	0.0	37.50	0.0	0.0	0.0	0.0	0.0	12.50	0.0	0.0	0.0	0.0	25.00	0.0	0.0	0.0	0.0	0.0	0.0	0.0	0.0	87.50	0.0	0.0	0.0	0.0	0.0	0.0	12.50	0.0	0.0	0.0	12.50	0.0	0.0	12.50	0.0	0.0	0.0	0.0	12.50	0.0	0.0	12.50	25.00	12.50	25.00	0.0	37.50	0.0	0.0	0.0	0.0	0.0	12.50	25.00	0.0	12.50	0.0	0.0	25.00	0.0	0.0	12.50
GILLETTE	15	15.0	0.0	0.0	0.0	0.0	0.0	0.0	0.0	0.0	0.0	0.0	0.0	0.0	0.0	13.33	6.67	13.33	13.33	0.0	0.0	6.67	0.0	13.33	0.0	0.0	0.0	6.67	26.67	0.0	0.0	0.0	6.67	0.0	0.0	0.0	0.0	66.67	0.0	0.0	0.0	0.0	0.0	0.0	0.0	0.0	0.0	0.0	33.33	0.0	0.0	0.0	0.0	0.0	0.0	0.0	6.67	0.0	13.33	0.0	6.67	13.33	33.33	0.0	20.00	0.0	0.0	0.0	0.0	0.0	13.33	0.0	0.0	13.33	0.0	20.00	20.00	0.0	0.0	0.0
BUTCH	13	13.0	0.0	0.0	0.0	0.0	0.0	0.0	0.0	0.0	0.0	0.0	0.0	0.0	0.0	0.0	0.0	7.69	0.0	0.0	0.0	0.0	0.0	15.38	0.0	0.0	0.0	0.0	23.08	0.0	0.0	7.69	7.69	0.0	0.0	0.0	0.0	84.62	0.0	0.0	0.0	0.0	0.0	7.69	0.0	0.0	0.0	7.69	23.08	0.0	0.0	0.0	7.69	0.0	0.0	0.0	0.0	0.0	0.0	23.08	15.38	23.08	46.15	0.0	0.0	0.0	0.0	0.0	0.0	0.0	15.38	0.0	0.0	0.0	0.0	0.0	23.08	7.69	0.0	7.69
GILLETTE	64	64.0	0.0	0.0	0.0	0.0	0.0	0.0	0.0	0.0	0.0	0.0	0.0	0.0	0.0	18.75	1.56	6.25	0.0	0.0	0.0	6.25	0.0	12.50	0.0	0.0	0.0	0.0	18.75	7.81	0.0	0.0	3.12	0.0	0.0	0.0	0.0	68.75	1.56	0.0	0.0	0.0	0.0	1.56	10.94	0.0	0.0	1.56	6.25	0.0	10.94	1.56	1.56	0.0	0.0	0.0	1.56	1.56	0.0	20.31	7.81	18.75	26.56	3.12	10.94	0.0	0.0	1.56	0.0	4.69	20.31	1.56	0.0	4.69	0.0	7.81	29.69	14.06	1.56	0.0
BUTCH	6	6.0	0.0	0.0	0.0	0.0	0.0	0.0	0.0	0.0	0.0	0.0	0.0	0.0	0.0	0.0	0.0	16.67	0.0	0.0	0.0	16.67	0.0	0.0	16.67	0.0	0.0	0.0	16.67	16.67	0.0	0.0	0.0	0.0	0.0	0.0	0.0	66.67	0.0	0.0	0.0	0.0	0.0	0.0	16.67	16.67	0.0	0.0	0.0	16.67	0.0	16.67	0.0	0.0	0.0	0.0	0.0	0.0	0.0	16.67	16.67	16.67	16.67	0.0	16.67	0.0	0.0	0.0	0.0	0.0	16.67	0.0	0.0	0.0	0.0	0.0	16.67	16.67	0.0	0.0
GILLETTE	32	32.0	0.0	0.0	0.0	0.0	0.0	0.0	0.0	0.0	0.0	0.0	0.0	0.0	0.0	15.62	0.0	3.12	3.12	0.0	0.0	9.38	0.0	12.50	3.12	0.0	0.0	0.0	15.62	6.25	0.0	3.12	3.12	0.0	0.0	0.0	0.0	59.38	3.12	0.0	0.0	0.0	0.0	3.12	6.25	3.12	0.0	3.12	6.25	3.12	0.0	9.38	0.0	0.0	0.0	0.0	0.0	0.0	3.12	6.25	18.75	9.38	12.50	0.0	15.62	0.0	0.0	0.0	0.0	0.0	9.38	6.25	0.0	6.25	3.12	0.0	18.75	0.0	3.12	0.0
BUTCH	5	5.0	0.0	0.0	0.0	0.0	0.0	0.0	0.0	0.0	0.0	0.0	0.0	0.0	0.0	0.0	0.0	0.0	20.00	0.0	0.0	0.0	0.0	20.00	0.0	0.0	0.0	0.0	20.00	0.0	0.0	0.0	0.0	0.0	0.0	0.0	0.0	80.00	20.00	0.0	0.0	0.0	0.0	0.0	20.00	0.0	0.0	0.0	20.00	0.0	0.0	0.0	0.0	0.0	0.0	0.0	0.0	0.0	20.00	40.00	20.00	40.00	60.00	0.0	0.0	0.0	0.0	0.0	0.0	0.0	40.00	0.0	0.0	0.0	0.0	0.0	60.00	40.00	0.0	0.0
GILLETTE	18	18.0	0.0	0.0	0.0	0.0	0.0	0.0	0.0	0.0	0.0	0.0	0.0	0.0	0.0	0.0	0.0	5.56	0.0	0.0	0.0	5.56	0.0	11.11	0.0	0.0	5.56	0.0	22.22	11.11	0.0	5.56	0.0	0.0	0.0	0.0	0.0	72.22	0.0	0.0	5.56	0.0	0.0	0.0	5.56	0.0	0.0	5.56	16.67	0.0	5.56	0.0	0.0	0.0	0.0	0.0	16.67	5.56	0.0	16.67	5.56	0.0	33.33	5.56	0.0	0.0	0.0	0.0	0.0	0.0	27.78	0.0	0.0	0.0	0.0	0.0	16.67	0.0	0.0	16.67
LILY	2	2.0	0.0	0.0	0.0	0.0	0.0	0.0	0.0	0.0	0.0	0.0	0.0	0.0	0.0	50.00	0.0	0.0	0.0	0.0	0.0	0.0	0.0	0.0	0.0	0.0	0.0	0.0	0.0	0.0	0.0	0.0	0.0	0.0	0.0	0.0	0.0	50.00	0.0	0.0	0.0	0.0	0.0	0.0	0.0	0.0	0.0	0.0	0.0	0.0	0.0	0.0	0.0	0.0	0.0	50.00	0.0	0.0	0.0	0.0	0.0	0.0	0.0	50.00	0.0	0.0	0.0	0.0	0.0	0.0	0.0	0.0	0.0	0.0	0.0	0.0	0.0	0.0	0.0	0.0
GILLETTE	6	6.0	0.0	0.0	0.0	0.0	0.0	0.0	0.0	0.0	0.0	0.0	0.0	0.0	0.0	0.0	0.0	0.0	0.0	0.0	0.0	16.67	0.0	0.0	0.0	0.0	0.0	0.0	16.67	0.0	0.0	0.0	0.0	0.0	0.0	0.0	0.0	50.00	0.0	0.0	0.0	0.0	0.0	0.0	0.0	0.0	0.0	16.67	16.67	0.0	0.0	0.0	0.0	0.0	0.0	16.67	0.0	0.0	0.0	0.0	0.0	16.67	16.67	0.0	33.33	0.0	0.0	0.0	0.0	0.0	0.0	33.33	0.0	16.67	0.0	0.0	16.67	0.0	0.0	0.0
BUTCH	4	4.0	0.0	0.0	0.0	0.0	0.0	0.0	0.0	0.0	0.0	0.0	0.0	0.0	0.0	25.00	0.0	0.0	0.0	0.0	0.0	0.0	0.0	25.00	0.0	0.0	0.0	0.0	25.00	0.0	0.0	0.0	0.0	0.0	0.0	0.0	0.0	50.00	0.0	0.0	0.0	0.0	25.00	0.0	0.0	0.0	0.0	0.0	0.0	0.0	0.0	0.0	0.0	0.0	0.0	25.00	0.0	0.0	0.0	0.0	0.0	25.00	0.0	0.0	0.0	0.0	0.0	0.0	0.0	0.0	25.00	0.0	0.0	0.0	0.0	0.0	25.00	0.0	0.0	0.0
GILLETTE	8	8.0	0.0	0.0	0.0	0.0	0.0	0.0	0.0	0.0	0.0	0.0	0.0	0.0	0.0	12.50	12.50	12.50	12.50	0.0	0.0	12.50	0.0	0.0	0.0	0.0	0.0	0.0	37.50	25.00	0.0	12.50	25.00	0.0	0.0	0.0	0.0	62.50	0.0	0.0	0.0	0.0	0.0	0.0	12.50	0.0	0.0	0.0	0.0	0.0	12.50	0.0	0.0	0.0	0.0	0.0	0.0	0.0	12.50	12.50	0.0	0.0	12.50	0.0	0.0	0.0	0.0	0.0	0.0	0.0	12.50	0.0	0.0	12.50	0.0	0.0	0.0	12.50	0.0	0.0
LILY	10	10.0	10.00	0.0	0.0	0.0	10.00	0.0	0.0	0.0	0.0	0.0	0.0	0.0	0.0	10.00	0.0	10.00	0.0	0.0	0.0	0.0	0.0	0.0	0.0	0.0	0.0	0.0	30.00	10.00	0.0	20.00	20.00	0.0	0.0	0.0	0.0	70.00	0.0	0.0	0.0	0.0	0.0	10.00	0.0	0.0	0.0	0.0	20.00	0.0	0.0	0.0	10.00	0.0	0.0	0.0	0.0	0.0	0.0	10.00	10.00	10.00	30.00	0.0	10.00	0.0	0.0	0.0	0.0	0.0	0.0	0.0	0.0	20.00	0.0	0.0	10.00	0.0	0.0	0.0
GILLETTE	30	30.0	0.0	0.0	0.0	0.0	0.0	0.0	0.0	0.0	0.0	0.0	0.0	0.0	0.0	0.0	0.0	3.33	6.67	0.0	0.0	6.67	0.0	13.33	0.0	0.0	3.33	0.0	16.67	10.00	0.0	3.33	6.67	0.0	0.0	0.0	3.33	60.00	0.0	0.0	3.33	0.0	0.0	0.0	0.0	0.0	0.0	0.0	6.67	0.0	0.0	0.0	0.0	0.0	0.0	0.0	6.67	10.00	6.67	16.67	6.67	13.33	23.33	0.0	6.67	3.33	0.0	3.33	0.0	10.00	26.67	6.67	0.0	10.00	0.0	0.0	20.00	0.0	0.0	6.67
BUTCH	2	2.0	0.0	0.0	0.0	0.0	0.0	0.0	0.0	0.0	0.0	0.0	0.0	0.0	0.0	0.0	0.0	0.0	0.0	0.0	0.0	0.0	0.0	50.00	0.0	0.0	0.0	0.0	0.0	0.0	0.0	0.0	0.0	0.0	0.0	0.0	0.0	100.00	50.00	0.0	0.0	0.0	0.0	100.00	0.0	0.0	0.0	0.0	0.0	0.0	0.0	0.0	0.0	0.0	0.0	0.0	0.0	0.0	0.0	100.00	0.0	50.00	100.00	0.0	0.0	0.0	0.0	0.0	0.0	0.0	50.00	0.0	0.0	0.0	0.0	0.0	100.00	0.0	0.0	0.0
GILLETTE	1	1.0	0.0	0.0	0.0	0.0	0.0	0.0	0.0	0.0	0.0	0.0	0.0	0.0	0.0	0.0	0.0	0.0	0.0	0.0	0.0	0.0	0.0	0.0	0.0	0.0	0.0	0.0	0.0	0.0	0.0	0.0	0.0	0.0	0.0	0.0	0.0	0.0	0.0	0.0	0.0	0.0	0.0	0.0	0.0	0.0	0.0	0.0	0.0	0.0	0.0	0.0	0.0	0.0	0.0	0.0	0.0	0.0	0.0	0.0	0.0	0.0	0.0	0.0	0.0	0.0	0.0	0.0	0.0	0.0	0.0	0.0	0.0	0.0	0.0	0.0	0.0	0.0	0.0	0.0
MOONAN	3	3.0	0.0	0.0	0.0	0.0	0.0	0.0	0.0	0.0	0.0	0.0	0.0	0.0	0.0	0.0	0.0	0.0	0.0	0.0	0.0	0.0	0.0	0.0	0.0	0.0	0.0	0.0	0.0	0.0	0.0	0.0	0.0	0.0	0.0	0.0	0.0	66.67	0.0	0.0	0.0	0.0	0.0	33.33	0.0	0.0	0.0	0.0	0.0	0.0	0.0	0.0	0.0	0.0	0.0	0.0	33.33	0.0	0.0	66.67	0.0	0.0	66.67	0.0	0.0	0.0	0.0	0.0	0.0	33.33	33.33	0.0	0.0	0.0	0.0	0.0	33.33	0.0	0.0	0.0
MOONAN	24	24.0	0.0	0.0	0.0	0.0	0.0	0.0	0.0	0.0	0.0	0.0	0.0	0.0	0.0	16.67	0.0	0.0	0.0	0.0	0.0	8.33	0.0	8.33	0.0	0.0	0.0	4.17	20.83	0.0	0.0	4.17	4.17	0.0	0.0	0.0	0.0	66.67	0.0	0.0	0.0	0.0	0.0	4.17	0.0	0.0	0.0	0.0	4.17	0.0	0.0	12.50	4.17	0.0	0.0	0.0	0.0	0.0	0.0	12.50	20.83	16.67	16.67	12.50	37.50	0.0	0.0	0.0	0.0	8.33	8.33	20.83	0.0	8.33	0.0	0.0	16.67	0.0	0.0	0.0
SOBOZINSKI	2	2.0	0.0	0.0	0.0	0.0	0.0	0.0	0.0	0.0	0.0	0.0	0.0	0.0	0.0	0.0	0.0	0.0	0.0	0.0	0.0	0.0	0.0	0.0	0.0	0.0	0.0	0.0	0.0	0.0	0.0	0.0	0.0	0.0	0.0	0.0	0.0	50.00	0.0	0.0	0.0	0.0	0.0	0.0	0.0	0.0	0.0	0.0	50.00	0.0	0.0	0.0	0.0	0.0	0.0	0.0	0.0	0.0	0.0	0.0	0.0	0.0	50.00	0.0	0.0	0.0	0.0	0.0	0.0	0.0	0.0	0.0	0.0	0.0	0.0	0.0	0.0	0.0	0.0	0.0
ROTTOVICH	5	5.0	0.0	0.0	0.0	0.0	0.0	0.0	0.0	0.0	0.0	0.0	0.0	0.0	0.0	0.0	0.0	0.0	20.00	20.00	0.0	0.0	40.00	20.00	0.0	0.0	0.0	0.0	40.00	0.0	0.0	0.0	0.0	0.0	0.0	0.0	0.0	40.00	20.00	0.0	0.0	0.0	0.0	0.0	20.00	0.0	20.00	0.0	0.0	0.0	0.0	0.0	0.0	20.00	0.0	0.0	0.0	0.0	0.0	40.00	0.0	20.00	40.00	0.0	0.0	0.0	0.0	0.0	0.0	0.0	40.00	0.0	0.0	0.0	0.0	0.0	40.00	40.00	0.0	0.0
MOONAN	9	9.0	0.0	0.0	0.0	0.0	0.0	0.0	0.0	0.0	0.0	0.0	0.0	0.0	0.0	22.22	0.0	11.11	0.0	0.0	0.0	11.11	0.0	0.0	0.0	0.0	0.0	0.0	33.33	0.0	0.0	0.0	11.11	0.0	0.0	0.0	0.0	55.56	0.0	0.0	0.0	0.0	0.0	0.0	11.11	0.0	11.11	0.0	0.0	0.0	0.0	11.11	0.0	0.0	0.0	0.0	11.11	0.0	0.0	22.22	11.11	0.0	22.22	0.0	33.33	0.0	0.0	0.0	0.0	11.11	22.22	22.22	0.0	0.0	0.0	0.0	11.11	0.0	0.0	11.11
MOONAN	11	11.0	0.0	0.0	0.0	0.0	0.0	0.0	0.0	0.0	0.0	0.0	0.0	0.0	0.0	0.0	0.0	0.0	0.0	0.0	0.0	9.09	0.0	0.0	0.0	0.0	0.0	0.0	9.09	0.0	0.0	0.0	0.0	0.0	0.0	0.0	0.0	36.36	0.0	0.0	0.0	0.0	9.09	0.0	0.0	0.0	9.09	0.0	0.0	0.0	0.0	9.09	0.0	0.0	0.0	0.0	0.0	9.09	0.0	18.18	9.09	9.09	18.18	0.0	27.27	0.0	0.0	9.09	0.0	9.09	27.27	18.18	0.0	0.0	9.09	0.0	9.09	0.0	0.0	0.0
MOONAN	5	5.0	0.0	0.0	0.0	0.0	0.0	0.0	0.0	0.0	0.0	0.0	0.0	0.0	0.0	0.0	0.0	0.0	0.0	0.0	0.0	0.0	0.0	20.00	0.0	0.0	0.0	0.0	0.0	0.0	0.0	0.0	0.0	0.0	0.0	0.0	0.0	60.00	0.0	0.0	20.00	0.0	0.0	20.00	0.0	0.0	0.0	0.0	0.0	0.0	0.0	0.0	0.0	0.0	0.0	0.0	0.0	20.00	0.0	40.00	0.0	40.00	40.00	0.0	0.0	0.0	0.0	0.0	0.0	0.0	60.00	0.0	0.0	0.0	0.0	0.0	40.00	0.0	0.0	20.00
ROTTOVICH	2	2.0	0.0	0.0	0.0	0.0	0.0	0.0	0.0	0.0	0.0	0.0	0.0	0.0	0.0	50.00	0.0	0.0	50.00	50.00	0.0	0.0	0.0	0.0	0.0	0.0	0.0	0.0	0.0	0.0	0.0	0.0	0.0	0.0	0.0	0.0	0.0	0.0	0.0	0.0	0.0	0.0	0.0	0.0	0.0	0.0	0.0	0.0	0.0	0.0	0.0	0.0	0.0	50.00	0.0	0.0	0.0	0.0	0.0	0.0	0.0	0.0	0.0	0.0	0.0	0.0	0.0	0.0	0.0	0.0	50.00	0.0	50.00	0.0	0.0	0.0	0.0	0.0	0.0	0.0
JAKE	1	1.0	0.0	0.0	0.0	0.0	0.0	0.0	0.0	0.0	0.0	0.0	0.0	0.0	0.0	0.0	0.0	0.0	0.0	0.0	0.0	0.0	0.0	0.0	0.0	0.0	0.0	0.0	0.0	0.0	0.0	0.0	0.0	0.0	0.0	0.0	0.0	0.0	0.0	0.0	0.0	0.0	0.0	0.0	0.0	0.0	0.0	0.0	0.0	0.0	0.0	0.0	0.0	0.0	0.0	0.0	0.0	0.0	0.0	0.0	0.0	0.0	0.0	0.0	0.0	0.0	0.0	0.0	0.0	0.0	0.0	0.0	0.0	0.0	0.0	0.0	0.0	0.0	0.0	0.0
MILES	31	31.0	0.0	0.0	0.0	0.0	0.0	0.0	0.0	0.0	0.0	0.0	0.0	0.0	0.0	9.68	3.23	9.68	0.0	0.0	0.0	9.68	0.0	9.68	0.0	0.0	0.0	0.0	16.13	3.23	0.0	0.0	3.23	0.0	0.0	0.0	0.0	64.52	0.0	0.0	0.0	0.0	0.0	6.45	6.45	0.0	0.0	6.45	9.68	0.0	0.0	3.23	3.23	0.0	0.0	3.23	3.23	3.23	0.0	16.13	9.68	19.35	25.81	0.0	9.68	0.0	0.0	3.23	0.0	9.68	9.68	6.45	0.0	0.0	0.0	0.0	22.58	0.0	6.45	0.0
LUPUS	2	2.0	0.0	0.0	0.0	0.0	0.0	0.0	0.0	0.0	0.0	0.0	0.0	0.0	0.0	50.00	0.0	0.0	0.0	0.0	0.0	0.0	0.0	0.0	0.0	0.0	0.0	0.0	0.0	0.0	0.0	0.0	0.0	0.0	0.0	0.0	0.0	50.00	0.0	0.0	0.0	0.0	0.0	0.0	0.0	0.0	0.0	0.0	50.00	0.0	0.0	0.0	0.0	0.0	0.0	0.0	50.00	0.0	0.0	0.0	0.0	0.0	50.00	0.0	0.0	0.0	0.0	0.0	0.0	0.0	0.0	0.0	0.0	0.0	0.0	0.0	50.00	0.0	0.0	0.0
JAKE	3	3.0	0.0	0.0	0.0	0.0	0.0	0.0	0.0	0.0	0.0	0.0	0.0	0.0	0.0	0.0	0.0	0.0	0.0	0.0	0.0	0.0	0.0	0.0	0.0	0.0	0.0	0.0	0.0	0.0	0.0	0.0	0.0	0.0	0.0	0.0	0.0	0.0	0.0	0.0	0.0	0.0	0.0	0.0	0.0	0.0	0.0	0.0	0.0	0.0	0.0	0.0	0.0	0.0	0.0	0.0	0.0	0.0	0.0	0.0	0.0	0.0	0.0	0.0	0.0	0.0	0.0	0.0	0.0	0.0	0.0	0.0	0.0	0.0	0.0	0.0	0.0	0.0	0.0	0.0
LUPUS	2	2.0	0.0	0.0	0.0	0.0	0.0	0.0	0.0	0.0	0.0	0.0	0.0	0.0	0.0	0.0	0.0	0.0	50.00	0.0	0.0	0.0	0.0	0.0	0.0	0.0	0.0	0.0	0.0	0.0	0.0	0.0	0.0	0.0	0.0	0.0	0.0	50.00	0.0	0.0	0.0	0.0	0.0	0.0	0.0	0.0	0.0	0.0	50.00	0.0	0.0	0.0	0.0	50.00	0.0	0.0	0.0	0.0	0.0	0.0	0.0	0.0	50.00	0.0	0.0	0.0	0.0	0.0	0.0	0.0	0.0	0.0	0.0	0.0	0.0	0.0	0.0	0.0	0.0	0.0
JAKE	17	17.0	0.0	0.0	0.0	0.0	0.0	0.0	0.0	0.0	0.0	0.0	0.0	0.0	0.0	11.76	5.88	0.0	5.88	5.88	0.0	5.88	0.0	0.0	5.88	0.0	5.88	5.88	17.65	5.88	0.0	0.0	0.0	0.0	0.0	0.0	0.0	47.06	0.0	0.0	0.0	0.0	0.0	0.0	5.88	0.0	0.0	0.0	0.0	0.0	0.0	11.76	0.0	5.88	0.0	0.0	23.53	0.0	0.0	23.53	5.88	0.0	23.53	5.88	11.76	0.0	0.0	0.0	5.88	11.76	23.53	0.0	5.88	0.0	0.0	0.0	23.53	5.88	5.88	5.88
LUPUS	1	1.0	0.0	0.0	0.0	0.0	0.0	0.0	0.0	0.0	0.0	0.0	0.0	0.0	0.0	0.0	0.0	0.0	100.00	100.00	0.0	0.0	0.0	0.0	100.00	100.00	0.0	0.0	0.0	0.0	0.0	0.0	0.0	0.0	0.0	0.0	0.0	0.0	0.0	0.0	0.0	0.0	0.0	0.0	0.0	0.0	0.0	0.0	0.0	0.0	0.0	0.0	0.0	100.00	0.0	0.0	0.0	0.0	0.0	0.0	0.0	0.0	0.0	0.0	0.0	0.0	0.0	0.0	0.0	0.0	0.0	0.0	100.00	0.0	0.0	0.0	0.0	0.0	0.0	0.0
JAKE	2	2.0	0.0	0.0	0.0	0.0	0.0	0.0	0.0	0.0	0.0	0.0	0.0	0.0	0.0	100.00	0.0	0.0	0.0	0.0	0.0	0.0	0.0	0.0	0.0	0.0	0.0	0.0	0.0	0.0	0.0	0.0	0.0	0.0	0.0	0.0	0.0	0.0	0.0	0.0	0.0	0.0	0.0	0.0	0.0	0.0	0.0	0.0	0.0	0.0	0.0	0.0	0.0	0.0	0.0	0.0	0.0	0.0	0.0	0.0	0.0	0.0	0.0	0.0	0.0	0.0	0.0	0.0	0.0	0.0	0.0	0.0	0.0	0.0	0.0	0.0	0.0	0.0	0.0	0.0
JAKE	6	6.0	0.0	0.0	0.0	0.0	0.0	0.0	0.0	0.0	0.0	0.0	0.0	0.0	0.0	16.67	0.0	0.0	16.67	0.0	0.0	0.0	0.0	0.0	0.0	0.0	0.0	16.67	16.67	0.0	0.0	0.0	0.0	0.0	0.0	0.0	0.0	83.33	0.0	0.0	0.0	0.0	0.0	16.67	0.0	0.0	0.0	0.0	16.67	0.0	0.0	0.0	16.67	0.0	0.0	0.0	16.67	0.0	16.67	33.33	16.67	0.0	50.00	0.0	16.67	0.0	0.0	0.0	0.0	0.0	16.67	0.0	0.0	0.0	0.0	16.67	16.67	0.0	0.0	16.67
BUTCH	2	2.0	0.0	0.0	0.0	0.0	0.0	0.0	0.0	0.0	0.0	0.0	0.0	0.0	0.0	50.00	0.0	0.0	50.00	0.0	0.0	0.0	0.0	50.00	0.0	0.0	0.0	0.0	0.0	0.0	0.0	0.0	0.0	0.0	0.0	0.0	0.0	100.00	0.0	0.0	0.0	0.0	0.0	0.0	0.0	0.0	0.0	0.0	0.0	0.0	0.0	0.0	0.0	0.0	0.0	0.0	0.0	0.0	50.00	100.00	0.0	50.00	100.00	0.0	0.0	0.0	0.0	0.0	0.0	0.0	150.00	0.0	0.0	0.0	0.0	0.0	50.00	0.0	0.0	100.00
LILY	13	13.0	0.0	0.0	0.0	0.0	0.0	0.0	0.0	0.0	0.0	0.0	0.0	0.0	0.0	7.69	0.0	7.69	15.38	7.69	0.0	7.69	0.0	15.38	0.0	0.0	0.0	7.69	30.77	15.38	0.0	0.0	0.0	0.0	0.0	0.0	0.0	61.54	0.0	0.0	0.0	0.0	0.0	0.0	15.38	0.0	7.69	0.0	0.0	0.0	0.0	0.0	0.0	7.69	0.0	0.0	0.0	0.0	7.69	7.69	7.69	15.38	7.69	7.69	15.38	0.0	0.0	0.0	0.0	0.0	7.69	7.69	7.69	0.0	0.0	7.69	23.08	7.69	0.0	0.0
BUTCH	5	5.0	0.0	0.0	0.0	0.0	0.0	0.0	0.0	0.0	0.0	0.0	0.0	0.0	0.0	0.0	0.0	20.00	0.0	0.0	0.0	20.00	0.0	20.00	0.0	0.0	0.0	0.0	0.0	0.0	0.0	0.0	0.0	0.0	0.0	0.0	0.0	60.00	0.0	0.0	0.0	0.0	0.0	0.0	0.0	0.0	0.0	0.0	0.0	0.0	20.00	0.0	0.0	0.0	0.0	0.0	0.0	0.0	0.0	0.0	0.0	20.00	0.0	0.0	60.00	0.0	0.0	0.0	0.0	0.0	0.0	60.00	0.0	0.0	0.0	0.0	20.00	0.0	0.0	0.0
JAKE	15	15.0	0.0	0.0	0.0	0.0	0.0	0.0	0.0	0.0	0.0	0.0	0.0	0.0	0.0	6.67	0.0	6.67	0.0	0.0	0.0	6.67	0.0	13.33	0.0	0.0	6.67	6.67	20.00	6.67	0.0	0.0	0.0	0.0	0.0	0.0	0.0	60.00	0.0	0.0	0.0	0.0	0.0	0.0	0.0	0.0	0.0	6.67	13.33	0.0	13.33	0.0	0.0	0.0	0.0	0.0	0.0	0.0	0.0	6.67	6.67	20.00	20.00	6.67	6.67	0.0	0.0	0.0	0.0	0.0	6.67	6.67	0.0	0.0	0.0	0.0	20.00	0.0	0.0	6.67
LILY	20	20.0	0.0	0.0	0.0	0.0	0.0	0.0	0.0	0.0	0.0	0.0	0.0	0.0	0.0	10.00	0.0	0.0	20.00	10.00	0.0	0.0	0.0	10.00	10.00	0.0	0.0	0.0	10.00	0.0	0.0	5.00	0.0	0.0	0.0	0.0	0.0	65.00	5.00	0.0	0.0	0.0	0.0	15.00	5.00	0.0	0.0	0.0	0.0	0.0	5.00	0.0	0.0	10.00	0.0	0.0	15.00	0.0	10.00	40.00	15.00	5.00	40.00	0.0	20.00	0.0	0.0	0.0	10.00	0.0	25.00	20.00	10.00	0.0	0.0	0.0	25.00	0.0	0.0	25.00
BUTCH	15	15.0	0.0	0.0	0.0	0.0	0.0	0.0	0.0	0.0	0.0	0.0	0.0	0.0	0.0	6.67	0.0	13.33	13.33	6.67	0.0	0.0	6.67	13.33	6.67	6.67	0.0	0.0	13.33	6.67	0.0	0.0	6.67	0.0	0.0	0.0	0.0	60.00	0.0	0.0	0.0	0.0	0.0	6.67	6.67	0.0	0.0	0.0	13.33	0.0	6.67	0.0	6.67	6.67	0.0	0.0	0.0	0.0	6.67	13.33	13.33	33.33	26.67	0.0	13.33	0.0	0.0	0.0	0.0	6.67	6.67	13.33	6.67	0.0	0.0	0.0	33.33	0.0	0.0	0.0
JAKE	9	9.0	0.0	0.0	0.0	0.0	0.0	0.0	0.0	0.0	0.0	0.0	0.0	0.0	0.0	33.33	0.0	11.11	11.11	0.0	0.0	22.22	0.0	0.0	11.11	11.11	0.0	0.0	22.22	0.0	0.0	0.0	0.0	0.0	11.11	0.0	0.0	55.56	0.0	0.0	0.0	0.0	0.0	0.0	0.0	0.0	11.11	0.0	0.0	0.0	0.0	0.0	0.0	0.0	0.0	0.0	0.0	11.11	11.11	0.0	22.22	0.0	0.0	0.0	11.11	0.0	0.0	0.0	0.0	0.0	0.0	11.11	0.0	11.11	0.0	0.0	0.0	0.0	11.11	0.0
BUTCH	23	23.0	0.0	0.0	0.0	0.0	0.0	0.0	0.0	0.0	0.0	0.0	0.0	0.0	0.0	8.70	0.0	17.39	8.70	0.0	0.0	4.35	4.35	8.70	0.0	0.0	0.0	0.0	8.70	4.35	0.0	0.0	4.35	0.0	0.0	0.0	0.0	65.22	0.0	0.0	4.35	0.0	0.0	4.35	4.35	0.0	0.0	0.0	8.70	4.35	0.0	0.0	0.0	4.35	0.0	0.0	8.70	4.35	4.35	17.39	8.70	0.0	26.09	0.0	13.04	0.0	4.35	0.0	0.0	0.0	17.39	8.70	0.0	0.0	0.0	4.35	13.04	0.0	0.0	13.04
JAKE	15	15.0	0.0	0.0	0.0	0.0	0.0	0.0	0.0	0.0	0.0	0.0	0.0	0.0	0.0	13.33	0.0	6.67	6.67	0.0	0.0	13.33	0.0	6.67	0.0	0.0	0.0	0.0	13.33	0.0	0.0	0.0	6.67	0.0	0.0	0.0	0.0	73.33	0.0	0.0	0.0	0.0	0.0	0.0	0.0	0.0	0.0	6.67	20.00	6.67	0.0	6.67	0.0	0.0	0.0	0.0	0.0	0.0	6.67	6.67	20.00	13.33	26.67	6.67	20.00	0.0	0.0	0.0	0.0	0.0	13.33	13.33	0.0	0.0	6.67	0.0	13.33	0.0	0.0	0.0
BUTCH	11	11.0	0.0	0.0	0.0	0.0	0.0	0.0	0.0	0.0	0.0	0.0	0.0	0.0	0.0	9.09	0.0	0.0	9.09	0.0	0.0	9.09	0.0	0.0	0.0	0.0	0.0	0.0	27.27	0.0	0.0	0.0	0.0	0.0	0.0	0.0	0.0	36.36	0.0	0.0	0.0	0.0	9.09	0.0	0.0	0.0	9.09	0.0	0.0	9.09	0.0	9.09	0.0	0.0	0.0	0.0	9.09	0.0	9.09	9.09	9.09	9.09	9.09	9.09	18.18	0.0	0.0	0.0	0.0	0.0	18.18	9.09	0.0	18.18	9.09	0.0	18.18	0.0	0.0	0.0
JAKE	2	2.0	0.0	0.0	0.0	0.0	0.0	0.0	0.0	0.0	0.0	0.0	0.0	0.0	0.0	0.0	0.0	50.00	0.0	0.0	0.0	0.0	0.0	0.0	0.0	0.0	0.0	0.0	50.00	50.00	0.0	0.0	0.0	0.0	0.0	0.0	0.0	50.00	0.0	0.0	0.0	0.0	0.0	0.0	0.0	0.0	0.0	0.0	0.0	0.0	0.0	0.0	0.0	0.0	0.0	0.0	0.0	0.0	0.0	0.0	0.0	50.00	0.0	0.0	0.0	0.0	0.0	0.0	0.0	0.0	0.0	0.0	0.0	50.00	0.0	0.0	50.00	0.0	0.0	0.0
BUTCH	17	17.0	0.0	0.0	0.0	0.0	0.0	0.0	0.0	0.0	0.0	0.0	0.0	0.0	0.0	0.0	0.0	5.88	0.0	0.0	0.0	5.88	0.0	11.76	5.88	5.88	5.88	0.0	11.76	11.76	0.0	0.0	0.0	0.0	0.0	0.0	0.0	70.59	5.88	0.0	0.0	0.0	0.0	11.76	5.88	0.0	0.0	0.0	0.0	0.0	0.0	0.0	5.88	0.0	0.0	23.53	0.0	0.0	0.0	17.65	5.88	11.76	17.65	0.0	5.88	0.0	0.0	0.0	0.0	0.0	5.88	5.88	0.0	0.0	0.0	0.0	17.65	0.0	0.0	5.88
JAKE	5	5.0	0.0	0.0	0.0	0.0	0.0	0.0	0.0	0.0	0.0	0.0	0.0	0.0	0.0	0.0	0.0	0.0	20.00	0.0	0.0	0.0	0.0	20.00	0.0	0.0	0.0	0.0	0.0	0.0	0.0	0.0	0.0	0.0	0.0	0.0	0.0	60.00	0.0	0.0	0.0	0.0	0.0	20.00	0.0	0.0	0.0	0.0	0.0	0.0	0.0	0.0	0.0	0.0	0.0	0.0	0.0	0.0	20.00	40.00	0.0	20.00	40.00	0.0	0.0	0.0	0.0	0.0	0.0	0.0	20.00	0.0	0.0	0.0	0.0	0.0	20.00	0.0	0.0	20.00
BUTCH	1	1.0	0.0	0.0	0.0	0.0	0.0	0.0	0.0	0.0	0.0	0.0	0.0	0.0	0.0	0.0	0.0	0.0	0.0	0.0	0.0	0.0	0.0	0.0	0.0	0.0	0.0	0.0	0.0	0.0	0.0	0.0	0.0	0.0	0.0	0.0	0.0	0.0	0.0	0.0	0.0	0.0	0.0	0.0	0.0	0.0	0.0	0.0	0.0	0.0	0.0	0.0	0.0	0.0	0.0	0.0	0.0	0.0	0.0	0.0	0.0	0.0	0.0	0.0	0.0	0.0	0.0	0.0	0.0	0.0	0.0	0.0	0.0	0.0	0.0	0.0	0.0	0.0	0.0	0.0
JAKE	1	1.0	0.0	0.0	0.0	0.0	0.0	0.0	0.0	0.0	0.0	0.0	0.0	0.0	0.0	0.0	0.0	0.0	100.00	0.0	0.0	0.0	0.0	0.0	0.0	0.0	0.0	0.0	0.0	0.0	0.0	0.0	0.0	0.0	0.0	0.0	0.0	0.0	0.0	0.0	0.0	0.0	0.0	0.0	0.0	0.0	0.0	0.0	0.0	0.0	0.0	0.0	0.0	0.0	0.0	0.0	0.0	0.0	100.00	0.0	0.0	0.0	0.0	0.0	0.0	0.0	0.0	0.0	0.0	0.0	0.0	0.0	0.0	0.0	0.0	0.0	0.0	0.0	0.0	0.0
JAKE	7	7.0	0.0	0.0	0.0	0.0	0.0	0.0	0.0	0.0	0.0	0.0	0.0	0.0	0.0	0.0	0.0	0.0	0.0	0.0	0.0	14.29	0.0	28.57	0.0	0.0	0.0	0.0	28.57	0.0	0.0	14.29	0.0	0.0	0.0	0.0	0.0	71.43	14.29	0.0	0.0	0.0	0.0	0.0	0.0	0.0	0.0	0.0	14.29	0.0	0.0	0.0	0.0	0.0	0.0	14.29	0.0	0.0	0.0	0.0	0.0	0.0	14.29	0.0	0.0	0.0	0.0	0.0	0.0	0.0	28.57	0.0	0.0	0.0	0.0	0.0	28.57	0.0	0.0	0.0
BUTCH	10	10.0	0.0	0.0	0.0	0.0	0.0	0.0	0.0	0.0	0.0	0.0	0.0	0.0	0.0	10.00	0.0	0.0	0.0	0.0	0.0	0.0	0.0	10.00	0.0	0.0	0.0	0.0	10.00	0.0	0.0	0.0	10.00	0.0	0.0	0.0	0.0	60.00	0.0	0.0	0.0	0.0	0.0	10.00	0.0	0.0	0.0	0.0	20.00	0.0	0.0	0.0	0.0	0.0	0.0	0.0	0.0	0.0	0.0	20.00	10.00	10.00	40.00	0.0	10.00	20.00	0.0	0.0	0.0	0.0	20.00	0.0	0.0	10.00	0.0	10.00	10.00	0.0	0.0	10.00
BUTCH	3	3.0	0.0	0.0	0.0	0.0	0.0	0.0	0.0	0.0	0.0	0.0	0.0	0.0	0.0	0.0	0.0	0.0	0.0	0.0	0.0	0.0	0.0	33.33	0.0	0.0	0.0	0.0	33.33	0.0	0.0	33.33	0.0	0.0	0.0	0.0	0.0	66.67	33.33	0.0	0.0	0.0	0.0	0.0	0.0	0.0	0.0	0.0	0.0	0.0	0.0	33.33	0.0	0.0	0.0	0.0	0.0	0.0	0.0	33.33	0.0	0.0	33.33	0.0	33.33	0.0	0.0	0.0	0.0	0.0	33.33	0.0	0.0	0.0	0.0	0.0	33.33	0.0	0.0	33.33
JAKE	3	3.0	0.0	0.0	0.0	0.0	0.0	0.0	0.0	0.0	0.0	0.0	0.0	0.0	0.0	0.0	0.0	33.33	0.0	0.0	0.0	0.0	0.0	33.33	0.0	0.0	0.0	0.0	0.0	33.33	33.33	0.0	0.0	0.0	0.0	0.0	0.0	100.00	0.0	0.0	0.0	0.0	0.0	66.67	0.0	0.0	0.0	0.0	0.0	0.0	0.0	0.0	0.0	0.0	0.0	0.0	0.0	0.0	0.0	66.67	0.0	33.33	66.67	0.0	0.0	0.0	0.0	0.0	0.0	0.0	0.0	0.0	0.0	0.0	0.0	0.0	33.33	0.0	0.0	0.0
JAKE	40	40.0	0.0	0.0	0.0	0.0	0.0	0.0	0.0	0.0	0.0	0.0	0.0	0.0	0.0	12.50	0.0	12.50	15.00	2.50	0.0	10.00	0.0	12.50	0.0	0.0	2.50	0.0	22.50	5.00	0.0	2.50	10.00	0.0	0.0	0.0	0.0	70.00	2.50	0.0	0.0	0.0	0.0	5.00	0.0	0.0	0.0	2.50	2.50	10.00	0.0	2.50	2.50	2.50	0.0	0.0	0.0	0.0	12.50	12.50	10.00	12.50	15.00	5.00	10.00	0.0	0.0	0.0	0.0	5.00	12.50	7.50	0.0	5.00	2.50	0.0	15.00	0.0	0.0	0.0
JAKE	21	21.0	0.0	0.0	0.0	0.0	0.0	0.0	0.0	0.0	0.0	0.0	0.0	0.0	0.0	4.76	4.76	14.29	0.0	0.0	0.0	4.76	0.0	0.0	0.0	0.0	0.0	19.05	33.33	0.0	0.0	0.0	4.76	0.0	0.0	0.0	0.0	61.90	0.0	0.0	4.76	0.0	0.0	0.0	4.76	0.0	0.0	0.0	14.29	0.0	0.0	9.52	0.0	0.0	0.0	0.0	0.0	9.52	0.0	9.52	9.52	9.52	23.81	14.29	19.05	0.0	0.0	4.76	0.0	4.76	23.81	4.76	0.0	0.0	0.0	4.76	9.52	0.0	0.0	4.76
JAKE	14	14.0	0.0	0.0	0.0	0.0	0.0	0.0	0.0	0.0	0.0	0.0	0.0	0.0	0.0	0.0	0.0	0.0	0.0	0.0	0.0	0.0	0.0	35.71	0.0	0.0	0.0	0.0	14.29	0.0	0.0	0.0	0.0	0.0	0.0	0.0	0.0	92.86	0.0	0.0	0.0	0.0	0.0	0.0	0.0	0.0	0.0	14.29	21.43	0.0	0.0	0.0	14.29	0.0	0.0	0.0	7.14	0.0	0.0	28.57	0.0	28.57	50.00	0.0	0.0	0.0	0.0	0.0	0.0	0.0	28.57	0.0	0.0	0.0	0.0	0.0	35.71	0.0	0.0	28.57
JAKE	5	5.0	0.0	0.0	0.0	0.0	0.0	0.0	0.0	0.0	0.0	0.0	0.0	20.00	0.0	0.0	0.0	0.0	0.0	0.0	0.0	20.00	0.0	0.0	0.0	0.0	0.0	0.0	0.0	0.0	0.0	0.0	0.0	0.0	0.0	0.0	0.0	60.00	0.0	0.0	0.0	0.0	0.0	0.0	0.0	0.0	0.0	0.0	0.0	0.0	0.0	0.0	0.0	0.0	0.0	0.0	0.0	0.0	0.0	40.00	0.0	0.0	40.00	0.0	0.0	0.0	0.0	0.0	0.0	0.0	60.00	0.0	0.0	0.0	20.00	0.0	0.0	0.0	0.0	20.00
JAKE	6	6.0	0.0	0.0	0.0	0.0	0.0	0.0	0.0	0.0	0.0	0.0	0.0	0.0	0.0	16.67	0.0	0.0	0.0	0.0	0.0	16.67	0.0	16.67	0.0	0.0	0.0	0.0	16.67	0.0	0.0	16.67	0.0	0.0	0.0	0.0	0.0	66.67	0.0	0.0	0.0	0.0	0.0	0.0	0.0	0.0	0.0	0.0	16.67	0.0	0.0	0.0	0.0	0.0	0.0	0.0	0.0	0.0	0.0	16.67	0.0	33.33	33.33	0.0	0.0	0.0	0.0	0.0	0.0	0.0	33.33	0.0	0.0	0.0	0.0	0.0	33.33	0.0	0.0	16.67
LILY	5	5.0	0.0	0.0	0.0	0.0	0.0	0.0	0.0	0.0	0.0	0.0	0.0	0.0	0.0	0.0	0.0	0.0	20.00	20.00	0.0	0.0	0.0	0.0	0.0	0.0	0.0	0.0	20.00	0.0	0.0	20.00	0.0	0.0	0.0	0.0	0.0	60.00	0.0	0.0	0.0	0.0	0.0	40.00	0.0	0.0	0.0	0.0	0.0	0.0	0.0	0.0	20.00	20.00	0.0	0.0	0.0	0.0	0.0	40.00	0.0	20.00	40.00	0.0	0.0	0.0	0.0	0.0	0.0	0.0	0.0	0.0	0.0	0.0	0.0	0.0	20.00	0.0	0.0	0.0
JAKE	15	15.0	0.0	0.0	0.0	0.0	0.0	0.0	0.0	0.0	0.0	0.0	0.0	0.0	0.0	6.67	0.0	0.0	6.67	0.0	0.0	6.67	0.0	6.67	6.67	6.67	0.0	6.67	20.00	6.67	0.0	0.0	0.0	0.0	0.0	0.0	0.0	60.00	0.0	0.0	0.0	0.0	0.0	0.0	6.67	0.0	0.0	0.0	0.0	20.00	0.0	6.67	0.0	0.0	0.0	0.0	6.67	0.0	6.67	20.00	20.00	6.67	20.00	6.67	20.00	0.0	0.0	0.0	0.0	0.0	26.67	13.33	0.0	6.67	0.0	0.0	13.33	0.0	0.0	20.00
LUPUS	18	18.0	0.0	0.0	0.0	0.0	0.0	0.0	0.0	0.0	0.0	0.0	0.0	0.0	0.0	5.56	5.56	0.0	5.56	5.56	0.0	5.56	0.0	16.67	5.56	0.0	0.0	0.0	5.56	0.0	0.0	5.56	0.0	0.0	0.0	0.0	0.0	66.67	5.56	0.0	0.0	0.0	0.0	0.0	0.0	0.0	0.0	0.0	11.11	0.0	0.0	0.0	0.0	5.56	0.0	0.0	5.56	0.0	0.0	33.33	11.11	22.22	44.44	0.0	11.11	0.0	0.0	0.0	5.56	11.11	33.33	11.11	5.56	0.0	0.0	0.0	33.33	0.0	0.0	22.22
JAKE	13	13.0	0.0	0.0	0.0	0.0	0.0	0.0	0.0	0.0	0.0	0.0	0.0	7.69	0.0	7.69	0.0	7.69	0.0	0.0	0.0	7.69	0.0	0.0	0.0	0.0	0.0	7.69	7.69	7.69	0.0	0.0	0.0	0.0	0.0	0.0	0.0	69.23	0.0	0.0	0.0	0.0	0.0	0.0	0.0	0.0	0.0	0.0	0.0	0.0	0.0	0.0	0.0	0.0	0.0	0.0	0.0	0.0	0.0	38.46	7.69	15.38	38.46	0.0	30.77	0.0	0.0	0.0	0.0	0.0	46.15	7.69	0.0	0.0	15.38	23.08	15.38	0.0	0.0	23.08
ROTTOVICH	9	9.0	0.0	0.0	0.0	0.0	0.0	0.0	0.0	0.0	0.0	0.0	0.0	0.0	0.0	0.0	0.0	0.0	11.11	0.0	0.0	22.22	0.0	0.0	0.0	0.0	0.0	0.0	22.22	0.0	0.0	0.0	0.0	0.0	0.0	0.0	0.0	100.00	0.0	0.0	0.0	0.0	0.0	0.0	22.22	0.0	0.0	0.0	0.0	0.0	0.0	0.0	0.0	0.0	0.0	11.11	0.0	0.0	11.11	44.44	22.22	22.22	44.44	0.0	22.22	0.0	0.0	0.0	0.0	0.0	44.44	22.22	0.0	0.0	0.0	0.0	22.22	44.44	11.11	0.0
SOBOZINSKI	2	2.0	0.0	0.0	0.0	0.0	0.0	0.0	0.0	0.0	0.0	0.0	0.0	0.0	0.0	0.0	0.0	0.0	50.00	50.00	0.0	0.0	0.0	0.0	50.00	0.0	0.0	0.0	0.0	0.0	0.0	0.0	0.0	0.0	0.0	0.0	0.0	50.00	0.0	0.0	0.0	0.0	0.0	50.00	0.0	0.0	0.0	0.0	0.0	0.0	0.0	0.0	0.0	50.00	0.0	0.0	0.0	0.0	0.0	50.00	0.0	50.00	50.00	0.0	0.0	0.0	0.0	0.0	50.00	0.0	0.0	0.0	50.00	0.0	0.0	0.0	50.00	0.0	0.0	0.0
JAKE	8	8.0	0.0	0.0	0.0	0.0	0.0	0.0	0.0	0.0	0.0	0.0	0.0	12.50	0.0	0.0	0.0	0.0	0.0	0.0	0.0	12.50	0.0	0.0	0.0	0.0	0.0	12.50	50.00	12.50	0.0	12.50	12.50	0.0	0.0	0.0	0.0	75.00	0.0	0.0	0.0	0.0	0.0	0.0	0.0	0.0	0.0	0.0	0.0	0.0	0.0	0.0	0.0	0.0	0.0	0.0	0.0	0.0	0.0	12.50	12.50	12.50	12.50	25.00	0.0	0.0	0.0	0.0	0.0	0.0	12.50	0.0	0.0	12.50	0.0	0.0	12.50	0.0	0.0	12.50
JAKE	10	10.0	0.0	0.0	0.0	0.0	0.0	0.0	0.0	0.0	0.0	0.0	0.0	0.0	0.0	30.00	0.0	10.00	20.00	0.0	0.0	0.0	0.0	20.00	0.0	0.0	10.00	0.0	30.00	20.00	0.0	0.0	0.0	0.0	0.0	0.0	10.00	60.00	0.0	0.0	0.0	0.0	0.0	10.00	10.00	0.0	0.0	10.00	20.00	0.0	0.0	0.0	0.0	0.0	0.0	0.0	10.00	0.0	20.00	10.00	0.0	10.00	30.00	0.0	0.0	0.0	0.0	0.0	0.0	0.0	10.00	0.0	0.0	0.0	0.0	0.0	20.00	0.0	10.00	0.0
JAKE	14	14.0	0.0	0.0	0.0	0.0	0.0	0.0	0.0	0.0	0.0	0.0	0.0	0.0	0.0	14.29	0.0	0.0	0.0	0.0	0.0	7.14	0.0	0.0	0.0	0.0	0.0	0.0	21.43	7.14	0.0	0.0	7.14	0.0	0.0	0.0	0.0	28.57	0.0	0.0	7.14	0.0	0.0	0.0	0.0	0.0	0.0	7.14	7.14	0.0	0.0	7.14	0.0	0.0	0.0	0.0	7.14	7.14	0.0	0.0	7.14	7.14	7.14	0.0	35.71	0.0	0.0	0.0	0.0	0.0	28.57	7.14	0.0	21.43	0.0	21.43	14.29	0.0	0.0	0.0
JAKE	23	23.0	0.0	0.0	0.0	0.0	0.0	0.0	0.0	0.0	0.0	0.0	0.0	0.0	0.0	17.39	4.35	13.04	0.0	0.0	0.0	13.04	0.0	8.70	4.35	0.0	4.35	0.0	26.09	13.04	0.0	8.70	4.35	0.0	0.0	0.0	0.0	52.17	8.70	4.35	0.0	0.0	0.0	0.0	8.70	0.0	0.0	0.0	4.35	0.0	4.35	4.35	0.0	0.0	0.0	0.0	8.70	0.0	0.0	0.0	4.35	8.70	4.35	0.0	13.04	0.0	0.0	0.0	0.0	0.0	8.70	8.70	0.0	0.0	0.0	0.0	26.09	0.0	0.0	0.0
JAKE	14	14.0	0.0	0.0	0.0	0.0	0.0	0.0	0.0	0.0	0.0	0.0	0.0	0.0	0.0	14.29	7.14	0.0	7.14	0.0	0.0	0.0	0.0	7.14	0.0	0.0	0.0	7.14	21.43	7.14	0.0	7.14	0.0	0.0	0.0	0.0	0.0	50.00	7.14	0.0	0.0	0.0	0.0	0.0	7.14	0.0	0.0	0.0	7.14	0.0	0.0	0.0	0.0	0.0	0.0	0.0	7.14	0.0	7.14	7.14	14.29	7.14	14.29	7.14	0.0	0.0	0.0	0.0	0.0	0.0	14.29	0.0	0.0	0.0	7.14	0.0	21.43	0.0	14.29	0.0
JAKE	7	7.0	0.0	0.0	0.0	0.0	0.0	0.0	0.0	0.0	0.0	0.0	0.0	0.0	0.0	0.0	0.0	0.0	14.29	0.0	0.0	0.0	0.0	28.57	0.0	0.0	0.0	0.0	14.29	14.29	14.29	0.0	14.29	0.0	0.0	0.0	0.0	85.71	0.0	0.0	0.0	0.0	0.0	42.86	0.0	0.0	0.0	0.0	14.29	0.0	0.0	0.0	0.0	0.0	0.0	0.0	0.0	0.0	14.29	42.86	0.0	42.86	57.14	0.0	0.0	0.0	0.0	0.0	0.0	0.0	0.0	0.0	0.0	0.0	0.0	0.0	42.86	0.0	0.0	0.0
JAKE	6	6.0	0.0	0.0	0.0	0.0	0.0	0.0	0.0	0.0	0.0	0.0	0.0	0.0	0.0	0.0	0.0	0.0	0.0	0.0	0.0	0.0	0.0	0.0	0.0	0.0	0.0	0.0	0.0	0.0	0.0	0.0	0.0	0.0	0.0	0.0	0.0	66.67	0.0	0.0	0.0	0.0	0.0	16.67	0.0	0.0	0.0	0.0	0.0	0.0	0.0	16.67	16.67	0.0	0.0	16.67	0.0	0.0	0.0	16.67	16.67	16.67	16.67	0.0	16.67	0.0	0.0	0.0	0.0	0.0	16.67	0.0	0.0	0.0	0.0	0.0	16.67	0.0	0.0	0.0
JAKE	2	2.0	0.0	0.0	0.0	0.0	0.0	0.0	0.0	0.0	0.0	0.0	0.0	0.0	0.0	50.00	0.0	0.0	0.0	0.0	0.0	0.0	0.0	0.0	0.0	0.0	0.0	0.0	50.00	0.0	0.0	0.0	50.00	0.0	0.0	0.0	0.0	50.00	0.0	0.0	0.0	0.0	0.0	0.0	0.0	0.0	0.0	0.0	50.00	0.0	0.0	0.0	0.0	0.0	0.0	0.0	0.0	0.0	0.0	0.0	0.0	0.0	50.00	0.0	50.00	0.0	0.0	0.0	0.0	0.0	0.0	0.0	0.0	50.00	0.0	0.0	0.0	0.0	0.0	0.0
LILY	1	1.0	0.0	0.0	0.0	0.0	0.0	0.0	0.0	0.0	0.0	0.0	0.0	0.0	0.0	0.0	0.0	0.0	0.0	0.0	0.0	0.0	0.0	0.0	0.0	0.0	0.0	0.0	0.0	0.0	0.0	0.0	0.0	0.0	0.0	0.0	0.0	0.0	0.0	0.0	0.0	0.0	0.0	0.0	0.0	0.0	0.0	0.0	0.0	0.0	0.0	0.0	0.0	0.0	0.0	0.0	0.0	0.0	0.0	0.0	0.0	0.0	0.0	0.0	0.0	0.0	0.0	0.0	0.0	0.0	0.0	0.0	0.0	0.0	0.0	0.0	0.0	0.0	0.0	0.0
JAKE	1	1.0	0.0	0.0	0.0	0.0	0.0	0.0	0.0	0.0	0.0	0.0	0.0	0.0	0.0	100.00	0.0	0.0	0.0	0.0	0.0	0.0	0.0	0.0	0.0	0.0	0.0	0.0	0.0	0.0	0.0	0.0	0.0	0.0	0.0	0.0	0.0	0.0	0.0	0.0	0.0	0.0	0.0	0.0	0.0	0.0	0.0	0.0	0.0	0.0	0.0	0.0	0.0	0.0	0.0	0.0	0.0	0.0	0.0	0.0	0.0	0.0	0.0	0.0	0.0	0.0	0.0	0.0	0.0	0.0	0.0	0.0	0.0	0.0	0.0	0.0	0.0	0.0	0.0	0.0
